# WO3 monoclinic — hydrothermal rod morphology
# Anode: Cu Kα (λ = 1.5406 Å)
# Source: Lab Vật liệu BKU, 13/12/2025
# 2theta	intensity
5.0000	32.00
5.0260	25.00
5.0530	25.00
5.0790	10.00
5.1050	39.00
5.1320	31.00
5.1580	25.00
5.1840	28.00
5.2110	22.00
5.2370	30.00
5.2640	33.00
5.2900	35.00
5.3160	35.00
5.3430	39.00
5.3690	22.00
5.3950	26.00
5.4220	38.00
5.4480	29.00
5.4740	31.00
5.5010	34.00
5.5270	36.00
5.5530	34.00
5.5800	48.00
5.6060	35.00
5.6320	38.00
5.6590	36.00
5.6850	36.00
5.7120	29.00
5.7380	38.00
5.7640	34.00
5.7910	28.00
5.8170	27.00
5.8430	40.00
5.8700	22.00
5.8960	30.00
5.9220	29.00
5.9490	21.00
5.9750	37.00
6.0010	41.00
6.0280	49.00
6.0540	29.00
6.0810	31.00
6.1070	36.00
6.1330	30.00
6.1600	34.00
6.1860	31.00
6.2120	51.00
6.2390	47.00
6.2650	44.00
6.2910	39.00
6.3180	35.00
6.3440	36.00
6.3700	40.00
6.3970	38.00
6.4230	32.00
6.4490	32.00
6.4760	38.00
6.5020	45.00
6.5290	27.00
6.5550	35.00
6.5810	52.00
6.6080	32.00
6.6340	30.00
6.6600	31.00
6.6870	48.00
6.7130	40.00
6.7390	32.00
6.7660	35.00
6.7920	48.00
6.8180	44.00
6.8450	34.00
6.8710	34.00
6.8970	25.00
6.9240	42.00
6.9500	31.00
6.9770	36.00
7.0030	35.00
7.0290	45.00
7.0560	43.00
7.0820	34.00
7.1080	48.00
7.1350	32.00
7.1610	31.00
7.1870	24.00
7.2140	29.00
7.2400	42.00
7.2660	37.00
7.2930	36.00
7.3190	34.00
7.3450	26.00
7.3720	38.00
7.3980	32.00
7.4250	24.00
7.4510	33.00
7.4770	28.00
7.5040	39.00
7.5300	27.00
7.5560	31.00
7.5830	31.00
7.6090	40.00
7.6350	40.00
7.6620	32.00
7.6880	32.00
7.7140	38.00
7.7410	34.00
7.7670	32.00
7.7940	30.00
7.8200	26.00
7.8460	26.00
7.8730	27.00
7.8990	37.00
7.9250	34.00
7.9520	41.00
7.9780	32.00
8.0040	37.00
8.0310	39.00
8.0570	33.00
8.0830	27.00
8.1100	34.00
8.1360	30.00
8.1620	28.00
8.1890	27.00
8.2150	44.00
8.2420	38.00
8.2680	28.00
8.2940	26.00
8.3210	32.00
8.3470	27.00
8.3730	35.00
8.4000	36.00
8.4260	38.00
8.4520	37.00
8.4790	33.00
8.5050	38.00
8.5310	36.00
8.5580	32.00
8.5840	49.00
8.6100	39.00
8.6370	40.00
8.6630	45.00
8.6900	55.00
8.7160	36.00
8.7420	31.00
8.7690	31.00
8.7950	41.00
8.8210	31.00
8.8480	36.00
8.8740	24.00
8.9000	25.00
8.9270	36.00
8.9530	40.00
8.9790	38.00
9.0060	32.00
9.0320	26.00
9.0580	39.00
9.0850	36.00
9.1110	34.00
9.1380	31.00
9.1640	21.00
9.1900	34.00
9.2170	25.00
9.2430	34.00
9.2690	34.00
9.2960	28.00
9.3220	23.00
9.3480	27.00
9.3750	42.00
9.4010	33.00
9.4270	38.00
9.4540	35.00
9.4800	37.00
9.5070	24.00
9.5330	56.00
9.5590	32.00
9.5860	26.00
9.6120	36.00
9.6380	38.00
9.6650	33.00
9.6910	40.00
9.7170	22.00
9.7440	34.00
9.7700	31.00
9.7960	44.00
9.8230	31.00
9.8490	33.00
9.8750	37.00
9.9020	33.00
9.9280	30.00
9.9550	39.00
9.9810	28.00
10.0070	26.00
10.0340	31.00
10.0600	31.00
10.0860	36.00
10.1130	51.00
10.1390	36.00
10.1650	25.00
10.1920	29.00
10.2180	25.00
10.2440	28.00
10.2710	24.00
10.2970	29.00
10.3230	44.00
10.3500	31.00
10.3760	41.00
10.4030	18.00
10.4290	40.00
10.4550	38.00
10.4820	33.00
10.5080	27.00
10.5340	29.00
10.5610	36.00
10.5870	37.00
10.6130	53.00
10.6400	43.00
10.6660	37.00
10.6920	32.00
10.7190	43.00
10.7450	29.00
10.7720	44.00
10.7980	42.00
10.8240	36.00
10.8510	40.00
10.8770	38.00
10.9030	26.00
10.9300	26.00
10.9560	28.00
10.9820	29.00
11.0090	38.00
11.0350	23.00
11.0610	32.00
11.0880	32.00
11.1140	37.00
11.1400	28.00
11.1670	23.00
11.1930	20.00
11.2200	27.00
11.2460	31.00
11.2720	41.00
11.2990	43.00
11.3250	41.00
11.3510	22.00
11.3780	25.00
11.4040	20.00
11.4300	37.00
11.4570	25.00
11.4830	28.00
11.5090	18.00
11.5360	22.00
11.5620	23.00
11.5880	45.00
11.6150	39.00
11.6410	32.00
11.6680	26.00
11.6940	32.00
11.7200	26.00
11.7470	41.00
11.7730	27.00
11.7990	30.00
11.8260	37.00
11.8520	20.00
11.8780	38.00
11.9050	38.00
11.9310	22.00
11.9570	32.00
11.9840	30.00
12.0100	29.00
12.0360	30.00
12.0630	35.00
12.0890	25.00
12.1160	28.00
12.1420	36.00
12.1680	37.00
12.1950	31.00
12.2210	28.00
12.2470	32.00
12.2740	37.00
12.3000	19.00
12.3260	31.00
12.3530	30.00
12.3790	20.00
12.4050	32.00
12.4320	19.00
12.4580	33.00
12.4850	29.00
12.5110	30.00
12.5370	24.00
12.5640	39.00
12.5900	36.00
12.6160	29.00
12.6430	20.00
12.6690	31.00
12.6950	31.00
12.7220	23.00
12.7480	28.00
12.7740	17.00
12.8010	35.00
12.8270	31.00
12.8530	37.00
12.8800	38.00
12.9060	36.00
12.9330	22.00
12.9590	20.00
12.9850	30.00
13.0120	33.00
13.0380	20.00
13.0640	30.00
13.0910	22.00
13.1170	30.00
13.1430	24.00
13.1700	27.00
13.1960	27.00
13.2220	27.00
13.2490	34.00
13.2750	31.00
13.3010	36.00
13.3280	29.00
13.3540	37.00
13.3810	30.00
13.4070	37.00
13.4330	33.00
13.4600	27.00
13.4860	28.00
13.5120	25.00
13.5390	21.00
13.5650	22.00
13.5910	29.00
13.6180	26.00
13.6440	37.00
13.6700	30.00
13.6970	45.00
13.7230	28.00
13.7490	44.00
13.7760	32.00
13.8020	45.00
13.8290	22.00
13.8550	27.00
13.8810	34.00
13.9080	47.00
13.9340	43.00
13.9600	44.00
13.9870	42.00
14.0130	54.00
14.0390	56.00
14.0660	38.00
14.0920	43.00
14.1180	43.00
14.1450	45.00
14.1710	65.00
14.1980	71.00
14.2240	64.00
14.2500	83.00
14.2770	79.00
14.3030	86.00
14.3290	95.00
14.3560	116.00
14.3820	120.00
14.4080	131.00
14.4350	159.00
14.4610	189.00
14.4870	231.00
14.5140	263.00
14.5400	295.00
14.5660	322.00
14.5930	324.00
14.6190	326.00
14.6460	356.00
14.6720	298.00
14.6980	202.00
14.7250	214.00
14.7510	176.00
14.7770	143.00
14.8040	120.00
14.8300	115.00
14.8560	105.00
14.8830	98.00
14.9090	82.00
14.9350	84.00
14.9620	80.00
14.9880	62.00
15.0140	54.00
15.0410	66.00
15.0670	56.00
15.0940	55.00
15.1200	56.00
15.1460	33.00
15.1730	52.00
15.1990	45.00
15.2250	44.00
15.2520	43.00
15.2780	48.00
15.3040	47.00
15.3310	33.00
15.3570	60.00
15.3830	40.00
15.4100	41.00
15.4360	44.00
15.4620	41.00
15.4890	28.00
15.5150	39.00
15.5420	31.00
15.5680	32.00
15.5940	40.00
15.6210	42.00
15.6470	18.00
15.6730	37.00
15.7000	26.00
15.7260	40.00
15.7520	39.00
15.7790	28.00
15.8050	30.00
15.8310	25.00
15.8580	29.00
15.8840	25.00
15.9110	33.00
15.9370	26.00
15.9630	48.00
15.9900	26.00
16.0160	32.00
16.0420	27.00
16.0690	24.00
16.0950	27.00
16.1210	23.00
16.1480	33.00
16.1740	40.00
16.2000	20.00
16.2270	28.00
16.2530	50.00
16.2790	34.00
16.3060	31.00
16.3320	25.00
16.3590	33.00
16.3850	34.00
16.4110	38.00
16.4380	31.00
16.4640	41.00
16.4900	35.00
16.5170	36.00
16.5430	26.00
16.5690	27.00
16.5960	32.00
16.6220	25.00
16.6480	25.00
16.6750	27.00
16.7010	20.00
16.7270	36.00
16.7540	31.00
16.7800	26.00
16.8070	30.00
16.8330	37.00
16.8590	28.00
16.8860	43.00
16.9120	25.00
16.9380	32.00
16.9650	24.00
16.9910	31.00
17.0170	22.00
17.0440	23.00
17.0700	24.00
17.0960	25.00
17.1230	21.00
17.1490	28.00
17.1750	32.00
17.2020	26.00
17.2280	31.00
17.2550	31.00
17.2810	26.00
17.3070	35.00
17.3340	32.00
17.3600	21.00
17.3860	34.00
17.4130	29.00
17.4390	23.00
17.4650	30.00
17.4920	32.00
17.5180	29.00
17.5440	24.00
17.5710	39.00
17.5970	22.00
17.6240	26.00
17.6500	25.00
17.6760	35.00
17.7030	19.00
17.7290	32.00
17.7550	22.00
17.7820	24.00
17.8080	37.00
17.8340	29.00
17.8610	25.00
17.8870	26.00
17.9130	22.00
17.9400	21.00
17.9660	27.00
17.9920	32.00
18.0190	27.00
18.0450	24.00
18.0720	24.00
18.0980	35.00
18.1240	26.00
18.1510	36.00
18.1770	29.00
18.2030	23.00
18.2300	30.00
18.2560	24.00
18.2820	23.00
18.3090	22.00
18.3350	26.00
18.3610	22.00
18.3880	31.00
18.4140	29.00
18.4400	45.00
18.4670	33.00
18.4930	26.00
18.5200	22.00
18.5460	33.00
18.5720	48.00
18.5990	22.00
18.6250	35.00
18.6510	38.00
18.6780	23.00
18.7040	19.00
18.7300	37.00
18.7570	30.00
18.7830	21.00
18.8090	27.00
18.8360	31.00
18.8620	32.00
18.8890	20.00
18.9150	28.00
18.9410	27.00
18.9680	26.00
18.9940	27.00
19.0200	22.00
19.0470	25.00
19.0730	20.00
19.0990	36.00
19.1260	26.00
19.1520	22.00
19.1780	32.00
19.2050	40.00
19.2310	25.00
19.2570	28.00
19.2840	22.00
19.3100	35.00
19.3370	44.00
19.3630	21.00
19.3890	22.00
19.4160	29.00
19.4420	27.00
19.4680	34.00
19.4950	35.00
19.5210	28.00
19.5470	27.00
19.5740	36.00
19.6000	34.00
19.6260	34.00
19.6530	37.00
19.6790	26.00
19.7050	25.00
19.7320	24.00
19.7580	40.00
19.7850	28.00
19.8110	33.00
19.8370	25.00
19.8640	30.00
19.8900	21.00
19.9160	28.00
19.9430	27.00
19.9690	35.00
19.9950	24.00
20.0220	30.00
20.0480	28.00
20.0740	17.00
20.1010	35.00
20.1270	29.00
20.1530	33.00
20.1800	20.00
20.2060	25.00
20.2330	37.00
20.2590	33.00
20.2850	36.00
20.3120	36.00
20.3380	40.00
20.3640	26.00
20.3910	44.00
20.4170	27.00
20.4430	32.00
20.4700	50.00
20.4960	31.00
20.5220	35.00
20.5490	37.00
20.5750	25.00
20.6020	28.00
20.6280	37.00
20.6540	42.00
20.6810	33.00
20.7070	41.00
20.7330	27.00
20.7600	29.00
20.7860	32.00
20.8120	41.00
20.8390	44.00
20.8650	38.00
20.8910	40.00
20.9180	24.00
20.9440	32.00
20.9700	35.00
20.9970	26.00
21.0230	27.00
21.0500	43.00
21.0760	31.00
21.1020	38.00
21.1290	35.00
21.1550	30.00
21.1810	50.00
21.2080	41.00
21.2340	29.00
21.2600	36.00
21.2870	30.00
21.3130	48.00
21.3390	31.00
21.3660	35.00
21.3920	27.00
21.4180	36.00
21.4450	23.00
21.4710	35.00
21.4980	27.00
21.5240	30.00
21.5500	32.00
21.5770	33.00
21.6030	51.00
21.6290	26.00
21.6560	28.00
21.6820	35.00
21.7080	30.00
21.7350	37.00
21.7610	38.00
21.7870	34.00
21.8140	28.00
21.8400	29.00
21.8660	33.00
21.8930	42.00
21.9190	29.00
21.9460	35.00
21.9720	32.00
21.9980	36.00
22.0250	34.00
22.0510	43.00
22.0770	37.00
22.1040	28.00
22.1300	41.00
22.1560	27.00
22.1830	43.00
22.2090	40.00
22.2350	47.00
22.2620	39.00
22.2880	35.00
22.3150	33.00
22.3410	28.00
22.3670	24.00
22.3940	45.00
22.4200	30.00
22.4460	28.00
22.4730	47.00
22.4990	38.00
22.5250	32.00
22.5520	39.00
22.5780	41.00
22.6040	38.00
22.6310	35.00
22.6570	36.00
22.6830	41.00
22.7100	36.00
22.7360	45.00
22.7630	39.00
22.7890	40.00
22.8150	36.00
22.8420	50.00
22.8680	47.00
22.8940	52.00
22.9210	57.00
22.9470	50.00
22.9730	64.00
23.0000	58.00
23.0260	75.00
23.0520	93.00
23.0790	93.00
23.1050	102.00
23.1310	102.00
23.1580	92.00
23.1840	86.00
23.2110	126.00
23.2370	133.00
23.2630	189.00
23.2900	247.00
23.3160	404.00
23.3420	549.00
23.3690	696.00
23.3950	721.00
23.4210	745.00
23.4480	626.00
23.4740	428.00
23.5000	328.00
23.5270	258.00
23.5530	123.00
23.5790	119.00
23.6060	101.00
23.6320	90.00
23.6590	89.00
23.6850	67.00
23.7110	69.00
23.7380	84.00
23.7640	63.00
23.7900	63.00
23.8170	63.00
23.8430	56.00
23.8690	64.00
23.8960	54.00
23.9220	59.00
23.9480	61.00
23.9750	61.00
24.0010	52.00
24.0280	61.00
24.0540	58.00
24.0800	56.00
24.1070	54.00
24.1330	51.00
24.1590	68.00
24.1860	67.00
24.2120	64.00
24.2380	63.00
24.2650	52.00
24.2910	65.00
24.3170	63.00
24.3440	74.00
24.3700	74.00
24.3960	69.00
24.4230	70.00
24.4490	63.00
24.4760	61.00
24.5020	80.00
24.5280	72.00
24.5550	84.00
24.5810	81.00
24.6070	93.00
24.6340	68.00
24.6600	87.00
24.6860	101.00
24.7130	90.00
24.7390	113.00
24.7650	123.00
24.7920	146.00
24.8180	150.00
24.8440	175.00
24.8710	191.00
24.8970	225.00
24.9240	232.00
24.9500	218.00
24.9760	234.00
25.0030	197.00
25.0290	219.00
25.0550	167.00
25.0820	151.00
25.1080	139.00
25.1340	126.00
25.1610	109.00
25.1870	97.00
25.2130	78.00
25.2400	94.00
25.2660	67.00
25.2920	72.00
25.3190	77.00
25.3450	77.00
25.3720	66.00
25.3980	77.00
25.4240	62.00
25.4510	73.00
25.4770	64.00
25.5030	75.00
25.5300	61.00
25.5560	77.00
25.5820	65.00
25.6090	57.00
25.6350	64.00
25.6610	64.00
25.6880	62.00
25.7140	66.00
25.7410	63.00
25.7670	66.00
25.7930	71.00
25.8200	67.00
25.8460	62.00
25.8720	75.00
25.8990	72.00
25.9250	67.00
25.9510	76.00
25.9780	76.00
26.0040	64.00
26.0300	54.00
26.0570	63.00
26.0830	58.00
26.1090	75.00
26.1360	70.00
26.1620	59.00
26.1890	68.00
26.2150	61.00
26.2410	66.00
26.2680	68.00
26.2940	63.00
26.3200	69.00
26.3470	76.00
26.3730	59.00
26.3990	68.00
26.4260	63.00
26.4520	70.00
26.4780	68.00
26.5050	64.00
26.5310	73.00
26.5570	65.00
26.5840	76.00
26.6100	76.00
26.6370	74.00
26.6630	79.00
26.6890	65.00
26.7160	69.00
26.7420	71.00
26.7680	76.00
26.7950	94.00
26.8210	81.00
26.8470	109.00
26.8740	85.00
26.9000	92.00
26.9260	101.00
26.9530	85.00
26.9790	100.00
27.0050	114.00
27.0320	110.00
27.0580	125.00
27.0850	115.00
27.1110	155.00
27.1370	129.00
27.1640	142.00
27.1900	127.00
27.2160	158.00
27.2430	169.00
27.2690	191.00
27.2950	184.00
27.3220	204.00
27.3480	198.00
27.3740	244.00
27.4010	210.00
27.4270	240.00
27.4540	228.00
27.4800	241.00
27.5060	222.00
27.5330	192.00
27.5590	191.00
27.5850	175.00
27.6120	142.00
27.6380	146.00
27.6640	144.00
27.6910	135.00
27.7170	119.00
27.7430	116.00
27.7700	129.00
27.7960	125.00
27.8220	110.00
27.8490	146.00
27.8750	115.00
27.9020	114.00
27.9280	143.00
27.9540	136.00
27.9810	111.00
28.0070	103.00
28.0330	124.00
28.0600	114.00
28.0860	143.00
28.1120	153.00
28.1390	125.00
28.1650	149.00
28.1910	162.00
28.2180	155.00
28.2440	145.00
28.2700	141.00
28.2970	198.00
28.3230	223.00
28.3500	262.00
28.3760	240.00
28.4020	289.00
28.4290	284.00
28.4550	306.00
28.4810	334.00
28.5080	386.00
28.5340	375.00
28.5600	552.00
28.5870	604.00
28.6130	797.00
28.6390	1055.00
28.6660	1262.00
28.6920	1457.00
28.7190	1752.00
28.7450	1867.00
28.7710	1780.00
28.7980	1654.00
28.8240	1380.00
28.8500	991.00
28.8770	838.00
28.9030	638.00
28.9290	463.00
28.9560	411.00
28.9820	340.00
29.0080	293.00
29.0350	256.00
29.0610	229.00
29.0870	191.00
29.1140	197.00
29.1400	152.00
29.1670	138.00
29.1930	165.00
29.2190	124.00
29.2460	117.00
29.2720	118.00
29.2980	105.00
29.3250	83.00
29.3510	106.00
29.3770	78.00
29.4040	90.00
29.4300	75.00
29.4560	84.00
29.4830	78.00
29.5090	74.00
29.5350	68.00
29.5620	77.00
29.5880	80.00
29.6150	74.00
29.6410	79.00
29.6670	68.00
29.6940	65.00
29.7200	54.00
29.7460	67.00
29.7730	68.00
29.7990	78.00
29.8250	62.00
29.8520	67.00
29.8780	67.00
29.9040	67.00
29.9310	59.00
29.9570	58.00
29.9830	63.00
30.0100	55.00
30.0360	48.00
30.0630	49.00
30.0890	52.00
30.1150	67.00
30.1420	67.00
30.1680	59.00
30.1940	41.00
30.2210	65.00
30.2470	56.00
30.2730	56.00
30.3000	59.00
30.3260	52.00
30.3520	60.00
30.3790	48.00
30.4050	48.00
30.4320	56.00
30.4580	50.00
30.4840	50.00
30.5110	64.00
30.5370	58.00
30.5630	49.00
30.5900	56.00
30.6160	45.00
30.6420	50.00
30.6690	60.00
30.6950	53.00
30.7210	63.00
30.7480	61.00
30.7740	35.00
30.8000	43.00
30.8270	42.00
30.8530	43.00
30.8800	69.00
30.9060	42.00
30.9320	50.00
30.9590	57.00
30.9850	50.00
31.0110	60.00
31.0380	48.00
31.0640	43.00
31.0900	50.00
31.1170	44.00
31.1430	41.00
31.1690	52.00
31.1960	42.00
31.2220	51.00
31.2480	47.00
31.2750	53.00
31.3010	48.00
31.3280	44.00
31.3540	43.00
31.3800	35.00
31.4070	55.00
31.4330	53.00
31.4590	62.00
31.4860	42.00
31.5120	48.00
31.5380	42.00
31.5650	47.00
31.5910	33.00
31.6170	38.00
31.6440	34.00
31.6700	60.00
31.6960	39.00
31.7230	50.00
31.7490	54.00
31.7760	46.00
31.8020	41.00
31.8280	45.00
31.8550	45.00
31.8810	44.00
31.9070	44.00
31.9340	56.00
31.9600	58.00
31.9860	54.00
32.0130	44.00
32.0390	45.00
32.0650	53.00
32.0920	50.00
32.1180	55.00
32.1450	52.00
32.1710	39.00
32.1970	41.00
32.2240	55.00
32.2500	51.00
32.2760	57.00
32.3030	45.00
32.3290	43.00
32.3550	65.00
32.3820	64.00
32.4080	45.00
32.4340	57.00
32.4610	44.00
32.4870	48.00
32.5130	44.00
32.5400	45.00
32.5660	49.00
32.5930	66.00
32.6190	62.00
32.6450	39.00
32.6720	43.00
32.6980	55.00
32.7240	48.00
32.7510	49.00
32.7770	48.00
32.8030	51.00
32.8300	46.00
32.8560	47.00
32.8820	42.00
32.9090	43.00
32.9350	49.00
32.9610	56.00
32.9880	45.00
33.0140	52.00
33.0410	51.00
33.0670	74.00
33.0930	54.00
33.1200	48.00
33.1460	46.00
33.1720	56.00
33.1990	44.00
33.2250	67.00
33.2510	52.00
33.2780	60.00
33.3040	46.00
33.3300	55.00
33.3570	52.00
33.3830	54.00
33.4090	61.00
33.4360	49.00
33.4620	48.00
33.4890	63.00
33.5150	60.00
33.5410	59.00
33.5680	69.00
33.5940	69.00
33.6200	60.00
33.6470	67.00
33.6730	82.00
33.6990	76.00
33.7260	89.00
33.7520	86.00
33.7780	79.00
33.8050	83.00
33.8310	85.00
33.8580	94.00
33.8840	104.00
33.9100	90.00
33.9370	108.00
33.9630	101.00
33.9890	109.00
34.0160	96.00
34.0420	122.00
34.0680	128.00
34.0950	145.00
34.1210	129.00
34.1470	121.00
34.1740	143.00
34.2000	132.00
34.2260	150.00
34.2530	137.00
34.2790	110.00
34.3060	101.00
34.3320	93.00
34.3580	70.00
34.3850	73.00
34.4110	75.00
34.4370	76.00
34.4640	85.00
34.4900	65.00
34.5160	76.00
34.5430	71.00
34.5690	52.00
34.5950	59.00
34.6220	53.00
34.6480	49.00
34.6740	51.00
34.7010	65.00
34.7270	56.00
34.7540	59.00
34.7800	52.00
34.8060	54.00
34.8330	55.00
34.8590	61.00
34.8850	49.00
34.9120	47.00
34.9380	47.00
34.9640	48.00
34.9910	58.00
35.0170	68.00
35.0430	56.00
35.0700	51.00
35.0960	54.00
35.1220	43.00
35.1490	43.00
35.1750	42.00
35.2020	49.00
35.2280	51.00
35.2540	41.00
35.2810	59.00
35.3070	59.00
35.3330	55.00
35.3600	51.00
35.3860	40.00
35.4120	44.00
35.4390	44.00
35.4650	54.00
35.4910	63.00
35.5180	47.00
35.5440	53.00
35.5710	50.00
35.5970	50.00
35.6230	56.00
35.6500	54.00
35.6760	45.00
35.7020	61.00
35.7290	47.00
35.7550	58.00
35.7810	48.00
35.8080	51.00
35.8340	56.00
35.8600	60.00
35.8870	53.00
35.9130	52.00
35.9390	56.00
35.9660	50.00
35.9920	44.00
36.0190	51.00
36.0450	71.00
36.0710	61.00
36.0980	54.00
36.1240	68.00
36.1500	60.00
36.1770	49.00
36.2030	52.00
36.2290	55.00
36.2560	62.00
36.2820	51.00
36.3080	64.00
36.3350	61.00
36.3610	63.00
36.3870	65.00
36.4140	52.00
36.4400	57.00
36.4670	68.00
36.4930	76.00
36.5190	64.00
36.5460	65.00
36.5720	72.00
36.5980	88.00
36.6250	84.00
36.6510	96.00
36.6770	114.00
36.7040	95.00
36.7300	99.00
36.7560	126.00
36.7830	130.00
36.8090	136.00
36.8360	159.00
36.8620	167.00
36.8880	198.00
36.9150	269.00
36.9410	255.00
36.9670	350.00
36.9940	458.00
37.0200	560.00
37.0460	725.00
37.0730	801.00
37.0990	816.00
37.1250	789.00
37.1520	658.00
37.1780	586.00
37.2040	514.00
37.2310	377.00
37.2570	298.00
37.2840	235.00
37.3100	184.00
37.3360	167.00
37.3630	149.00
37.3890	107.00
37.4150	99.00
37.4420	102.00
37.4680	85.00
37.4940	63.00
37.5210	71.00
37.5470	65.00
37.5730	76.00
37.6000	54.00
37.6260	51.00
37.6520	67.00
37.6790	61.00
37.7050	68.00
37.7320	62.00
37.7580	52.00
37.7840	62.00
37.8110	62.00
37.8370	65.00
37.8630	62.00
37.8900	56.00
37.9160	54.00
37.9420	63.00
37.9690	62.00
37.9950	57.00
38.0210	71.00
38.0480	80.00
38.0740	76.00
38.1000	78.00
38.1270	86.00
38.1530	80.00
38.1800	87.00
38.2060	67.00
38.2320	82.00
38.2590	63.00
38.2850	77.00
38.3110	60.00
38.3380	58.00
38.3640	55.00
38.3900	51.00
38.4170	47.00
38.4430	42.00
38.4690	47.00
38.4960	46.00
38.5220	44.00
38.5490	43.00
38.5750	49.00
38.6010	46.00
38.6280	34.00
38.6540	40.00
38.6800	42.00
38.7070	37.00
38.7330	39.00
38.7590	43.00
38.7860	37.00
38.8120	48.00
38.8380	41.00
38.8650	30.00
38.8910	41.00
38.9170	38.00
38.9440	31.00
38.9700	35.00
38.9970	33.00
39.0230	44.00
39.0490	32.00
39.0760	40.00
39.1020	38.00
39.1280	39.00
39.1550	38.00
39.1810	34.00
39.2070	43.00
39.2340	34.00
39.2600	54.00
39.2860	34.00
39.3130	41.00
39.3390	36.00
39.3650	35.00
39.3920	38.00
39.4180	40.00
39.4450	29.00
39.4710	41.00
39.4970	24.00
39.5240	32.00
39.5500	37.00
39.5760	33.00
39.6030	33.00
39.6290	38.00
39.6550	34.00
39.6820	34.00
39.7080	34.00
39.7340	48.00
39.7610	36.00
39.7870	39.00
39.8130	42.00
39.8400	37.00
39.8660	34.00
39.8930	24.00
39.9190	34.00
39.9450	38.00
39.9720	35.00
39.9980	38.00
40.0240	37.00
40.0510	32.00
40.0770	34.00
40.1030	43.00
40.1300	37.00
40.1560	37.00
40.1820	29.00
40.2090	37.00
40.2350	30.00
40.2620	31.00
40.2880	25.00
40.3140	38.00
40.3410	45.00
40.3670	33.00
40.3930	36.00
40.4200	42.00
40.4460	26.00
40.4720	40.00
40.4990	24.00
40.5250	33.00
40.5510	42.00
40.5780	41.00
40.6040	28.00
40.6300	45.00
40.6570	23.00
40.6830	38.00
40.7100	38.00
40.7360	38.00
40.7620	31.00
40.7890	42.00
40.8150	28.00
40.8410	29.00
40.8680	39.00
40.8940	38.00
40.9200	26.00
40.9470	34.00
40.9730	37.00
40.9990	26.00
41.0260	24.00
41.0520	42.00
41.0780	44.00
41.1050	30.00
41.1310	31.00
41.1580	33.00
41.1840	32.00
41.2100	32.00
41.2370	32.00
41.2630	34.00
41.2890	32.00
41.3160	24.00
41.3420	34.00
41.3680	36.00
41.3950	34.00
41.4210	44.00
41.4470	39.00
41.4740	33.00
41.5000	35.00
41.5260	31.00
41.5530	49.00
41.5790	38.00
41.6060	34.00
41.6320	33.00
41.6580	30.00
41.6850	34.00
41.7110	18.00
41.7370	26.00
41.7640	40.00
41.7900	36.00
41.8160	38.00
41.8430	30.00
41.8690	32.00
41.8950	40.00
41.9220	37.00
41.9480	28.00
41.9750	31.00
42.0010	24.00
42.0270	43.00
42.0540	42.00
42.0800	27.00
42.1060	39.00
42.1330	42.00
42.1590	25.00
42.1850	36.00
42.2120	31.00
42.2380	31.00
42.2640	39.00
42.2910	42.00
42.3170	32.00
42.3430	49.00
42.3700	36.00
42.3960	41.00
42.4230	54.00
42.4490	36.00
42.4750	36.00
42.5020	41.00
42.5280	45.00
42.5540	38.00
42.5810	38.00
42.6070	40.00
42.6330	42.00
42.6600	41.00
42.6860	46.00
42.7120	44.00
42.7390	41.00
42.7650	45.00
42.7910	35.00
42.8180	36.00
42.8440	55.00
42.8710	41.00
42.8970	40.00
42.9230	62.00
42.9500	50.00
42.9760	50.00
43.0020	57.00
43.0290	48.00
43.0550	40.00
43.0810	52.00
43.1080	49.00
43.1340	72.00
43.1600	67.00
43.1870	54.00
43.2130	63.00
43.2390	68.00
43.2660	86.00
43.2920	80.00
43.3190	94.00
43.3450	99.00
43.3710	107.00
43.3980	101.00
43.4240	90.00
43.4500	103.00
43.4770	87.00
43.5030	86.00
43.5290	78.00
43.5560	79.00
43.5820	66.00
43.6080	79.00
43.6350	56.00
43.6610	54.00
43.6880	63.00
43.7140	59.00
43.7400	53.00
43.7670	53.00
43.7930	54.00
43.8190	43.00
43.8460	48.00
43.8720	50.00
43.8980	51.00
43.9250	59.00
43.9510	40.00
43.9770	48.00
44.0040	51.00
44.0300	38.00
44.0560	39.00
44.0830	52.00
44.1090	48.00
44.1360	56.00
44.1620	52.00
44.1880	43.00
44.2150	54.00
44.2410	31.00
44.2670	32.00
44.2940	51.00
44.3200	42.00
44.3460	39.00
44.3730	45.00
44.3990	57.00
44.4250	46.00
44.4520	49.00
44.4780	57.00
44.5040	54.00
44.5310	63.00
44.5570	53.00
44.5840	58.00
44.6100	47.00
44.6360	59.00
44.6630	56.00
44.6890	59.00
44.7150	64.00
44.7420	72.00
44.7680	56.00
44.7940	80.00
44.8210	75.00
44.8470	75.00
44.8730	58.00
44.9000	89.00
44.9260	70.00
44.9530	80.00
44.9790	82.00
45.0050	67.00
45.0320	75.00
45.0580	63.00
45.0840	57.00
45.1110	65.00
45.1370	75.00
45.1630	56.00
45.1900	38.00
45.2160	52.00
45.2420	49.00
45.2690	48.00
45.2950	42.00
45.3210	50.00
45.3480	46.00
45.3740	44.00
45.4010	46.00
45.4270	39.00
45.4530	52.00
45.4800	52.00
45.5060	53.00
45.5320	49.00
45.5590	39.00
45.5850	65.00
45.6110	56.00
45.6380	46.00
45.6640	32.00
45.6900	41.00
45.7170	40.00
45.7430	53.00
45.7690	58.00
45.7960	42.00
45.8220	44.00
45.8490	46.00
45.8750	37.00
45.9010	40.00
45.9280	37.00
45.9540	38.00
45.9800	53.00
46.0070	46.00
46.0330	40.00
46.0590	32.00
46.0860	31.00
46.1120	46.00
46.1380	41.00
46.1650	46.00
46.1910	29.00
46.2170	25.00
46.2440	40.00
46.2700	41.00
46.2970	43.00
46.3230	48.00
46.3490	44.00
46.3760	33.00
46.4020	38.00
46.4280	40.00
46.4550	41.00
46.4810	41.00
46.5070	38.00
46.5340	39.00
46.5600	46.00
46.5860	44.00
46.6130	49.00
46.6390	41.00
46.6660	55.00
46.6920	46.00
46.7180	54.00
46.7450	44.00
46.7710	44.00
46.7970	56.00
46.8240	49.00
46.8500	52.00
46.8760	55.00
46.9030	64.00
46.9290	62.00
46.9550	73.00
46.9820	87.00
47.0080	112.00
47.0340	84.00
47.0610	128.00
47.0870	147.00
47.1140	135.00
47.1400	149.00
47.1660	115.00
47.1930	130.00
47.2190	104.00
47.2450	97.00
47.2720	99.00
47.2980	88.00
47.3240	79.00
47.3510	76.00
47.3770	55.00
47.4030	54.00
47.4300	43.00
47.4560	62.00
47.4820	46.00
47.5090	58.00
47.5350	47.00
47.5620	57.00
47.5880	59.00
47.6140	50.00
47.6410	58.00
47.6670	52.00
47.6930	65.00
47.7200	46.00
47.7460	49.00
47.7720	46.00
47.7990	48.00
47.8250	40.00
47.8510	45.00
47.8780	54.00
47.9040	43.00
47.9300	50.00
47.9570	46.00
47.9830	44.00
48.0100	54.00
48.0360	69.00
48.0620	45.00
48.0890	54.00
48.1150	57.00
48.1410	40.00
48.1680	45.00
48.1940	42.00
48.2200	56.00
48.2470	55.00
48.2730	55.00
48.2990	65.00
48.3260	44.00
48.3520	55.00
48.3790	54.00
48.4050	74.00
48.4310	62.00
48.4580	55.00
48.4840	45.00
48.5100	56.00
48.5370	53.00
48.5630	46.00
48.5890	60.00
48.6160	72.00
48.6420	71.00
48.6680	65.00
48.6950	68.00
48.7210	73.00
48.7470	80.00
48.7740	59.00
48.8000	54.00
48.8270	70.00
48.8530	78.00
48.8790	62.00
48.9060	73.00
48.9320	78.00
48.9580	78.00
48.9850	100.00
49.0110	81.00
49.0370	96.00
49.0640	79.00
49.0900	85.00
49.1160	100.00
49.1430	110.00
49.1690	101.00
49.1950	120.00
49.2220	113.00
49.2480	124.00
49.2750	122.00
49.3010	127.00
49.3270	115.00
49.3540	152.00
49.3800	137.00
49.4060	136.00
49.4330	156.00
49.4590	139.00
49.4850	134.00
49.5120	146.00
49.5380	148.00
49.5640	163.00
49.5910	146.00
49.6170	145.00
49.6430	125.00
49.6700	143.00
49.6960	132.00
49.7230	115.00
49.7490	124.00
49.7750	110.00
49.8020	123.00
49.8280	129.00
49.8540	125.00
49.8810	130.00
49.9070	116.00
49.9330	110.00
49.9600	128.00
49.9860	143.00
50.0120	154.00
50.0390	122.00
50.0650	155.00
50.0920	142.00
50.1180	181.00
50.1440	173.00
50.1710	171.00
50.1970	226.00
50.2230	237.00
50.2500	251.00
50.2760	328.00
50.3020	331.00
50.3290	369.00
50.3550	426.00
50.3810	412.00
50.4080	403.00
50.4340	397.00
50.4600	356.00
50.4870	324.00
50.5130	299.00
50.5400	274.00
50.5660	279.00
50.5920	224.00
50.6190	183.00
50.6450	167.00
50.6710	136.00
50.6980	139.00
50.7240	134.00
50.7500	108.00
50.7770	95.00
50.8030	101.00
50.8290	86.00
50.8560	92.00
50.8820	82.00
50.9080	80.00
50.9350	69.00
50.9610	68.00
50.9880	70.00
51.0140	82.00
51.0400	60.00
51.0670	76.00
51.0930	78.00
51.1190	57.00
51.1460	61.00
51.1720	52.00
51.1980	63.00
51.2250	65.00
51.2510	58.00
51.2770	65.00
51.3040	51.00
51.3300	63.00
51.3560	58.00
51.3830	56.00
51.4090	60.00
51.4360	54.00
51.4620	54.00
51.4880	48.00
51.5150	55.00
51.5410	41.00
51.5670	55.00
51.5940	50.00
51.6200	57.00
51.6460	59.00
51.6730	57.00
51.6990	63.00
51.7250	62.00
51.7520	39.00
51.7780	45.00
51.8050	61.00
51.8310	58.00
51.8570	74.00
51.8840	51.00
51.9100	43.00
51.9360	48.00
51.9630	53.00
51.9890	48.00
52.0150	70.00
52.0420	55.00
52.0680	56.00
52.0940	57.00
52.1210	59.00
52.1470	57.00
52.1730	60.00
52.2000	61.00
52.2260	59.00
52.2530	74.00
52.2790	78.00
52.3050	69.00
52.3320	78.00
52.3580	79.00
52.3840	83.00
52.4110	88.00
52.4370	86.00
52.4630	99.00
52.4900	96.00
52.5160	102.00
52.5420	112.00
52.5690	114.00
52.5950	105.00
52.6210	105.00
52.6480	125.00
52.6740	99.00
52.7010	105.00
52.7270	82.00
52.7530	86.00
52.7800	82.00
52.8060	83.00
52.8320	66.00
52.8590	80.00
52.8850	62.00
52.9110	71.00
52.9380	61.00
52.9640	72.00
52.9900	67.00
53.0170	73.00
53.0430	55.00
53.0690	47.00
53.0960	56.00
53.1220	70.00
53.1490	64.00
53.1750	72.00
53.2010	74.00
53.2280	65.00
53.2540	69.00
53.2800	65.00
53.3070	55.00
53.3330	75.00
53.3590	71.00
53.3860	71.00
53.4120	64.00
53.4380	66.00
53.4650	72.00
53.4910	75.00
53.5180	65.00
53.5440	68.00
53.5700	74.00
53.5970	87.00
53.6230	84.00
53.6490	61.00
53.6760	79.00
53.7020	80.00
53.7280	69.00
53.7550	87.00
53.7810	84.00
53.8070	76.00
53.8340	58.00
53.8600	77.00
53.8860	59.00
53.9130	65.00
53.9390	67.00
53.9660	53.00
53.9920	64.00
54.0180	65.00
54.0450	66.00
54.0710	75.00
54.0970	57.00
54.1240	47.00
54.1500	67.00
54.1760	71.00
54.2030	79.00
54.2290	59.00
54.2550	60.00
54.2820	63.00
54.3080	59.00
54.3340	65.00
54.3610	57.00
54.3870	55.00
54.4140	74.00
54.4400	63.00
54.4660	52.00
54.4930	57.00
54.5190	59.00
54.5450	48.00
54.5720	58.00
54.5980	53.00
54.6240	57.00
54.6510	57.00
54.6770	65.00
54.7030	58.00
54.7300	55.00
54.7560	57.00
54.7830	64.00
54.8090	66.00
54.8350	66.00
54.8620	60.00
54.8880	57.00
54.9140	57.00
54.9410	52.00
54.9670	58.00
54.9930	56.00
55.0200	62.00
55.0460	64.00
55.0720	64.00
55.0990	75.00
55.1250	50.00
55.1510	65.00
55.1780	70.00
55.2040	66.00
55.2310	75.00
55.2570	79.00
55.2830	77.00
55.3100	79.00
55.3360	73.00
55.3620	87.00
55.3890	71.00
55.4150	76.00
55.4410	88.00
55.4680	87.00
55.4940	108.00
55.5200	111.00
55.5470	122.00
55.5730	118.00
55.5990	128.00
55.6260	154.00
55.6520	158.00
55.6790	172.00
55.7050	207.00
55.7310	251.00
55.7580	283.00
55.7840	317.00
55.8100	316.00
55.8370	338.00
55.8630	306.00
55.8890	407.00
55.9160	412.00
55.9420	408.00
55.9680	422.00
55.9950	384.00
56.0210	358.00
56.0470	338.00
56.0740	288.00
56.1000	287.00
56.1270	275.00
56.1530	248.00
56.1790	182.00
56.2060	187.00
56.2320	170.00
56.2580	163.00
56.2850	119.00
56.3110	110.00
56.3370	96.00
56.3640	95.00
56.3900	99.00
56.4160	90.00
56.4430	83.00
56.4690	84.00
56.4960	75.00
56.5220	79.00
56.5480	88.00
56.5750	65.00
56.6010	58.00
56.6270	73.00
56.6540	64.00
56.6800	64.00
56.7060	74.00
56.7330	65.00
56.7590	84.00
56.7850	59.00
56.8120	57.00
56.8380	67.00
56.8640	68.00
56.8910	66.00
56.9170	65.00
56.9440	57.00
56.9700	63.00
56.9960	70.00
57.0230	67.00
57.0490	71.00
57.0750	53.00
57.1020	59.00
57.1280	64.00
57.1540	58.00
57.1810	69.00
57.2070	62.00
57.2330	60.00
57.2600	62.00
57.2860	60.00
57.3120	67.00
57.3390	75.00
57.3650	68.00
57.3920	68.00
57.4180	77.00
57.4440	72.00
57.4710	65.00
57.4970	85.00
57.5230	62.00
57.5500	67.00
57.5760	69.00
57.6020	63.00
57.6290	63.00
57.6550	83.00
57.6810	88.00
57.7080	70.00
57.7340	101.00
57.7600	83.00
57.7870	87.00
57.8130	86.00
57.8400	97.00
57.8660	88.00
57.8920	101.00
57.9190	116.00
57.9450	116.00
57.9710	95.00
57.9980	117.00
58.0240	117.00
58.0500	107.00
58.0770	102.00
58.1030	96.00
58.1290	109.00
58.1560	120.00
58.1820	102.00
58.2090	106.00
58.2350	95.00
58.2610	90.00
58.2880	99.00
58.3140	103.00
58.3400	99.00
58.3670	95.00
58.3930	91.00
58.4190	99.00
58.4460	122.00
58.4720	113.00
58.4980	126.00
58.5250	115.00
58.5510	124.00
58.5770	148.00
58.6040	169.00
58.6300	174.00
58.6570	187.00
58.6830	210.00
58.7090	216.00
58.7360	241.00
58.7620	239.00
58.7880	195.00
58.8150	198.00
58.8410	173.00
58.8670	193.00
58.8940	182.00
58.9200	141.00
58.9460	123.00
58.9730	125.00
58.9990	115.00
59.0250	106.00
59.0520	98.00
59.0780	77.00
59.1050	87.00
59.1310	81.00
59.1570	82.00
59.1840	75.00
59.2100	56.00
59.2360	61.00
59.2630	65.00
59.2890	61.00
59.3150	59.00
59.3420	58.00
59.3680	47.00
59.3940	48.00
59.4210	55.00
59.4470	53.00
59.4730	44.00
59.5000	51.00
59.5260	59.00
59.5530	40.00
59.5790	55.00
59.6050	53.00
59.6320	66.00
59.6580	52.00
59.6840	58.00
59.7110	42.00
59.7370	48.00
59.7630	55.00
59.7900	39.00
59.8160	51.00
59.8420	44.00
59.8690	38.00
59.8950	43.00
59.9220	38.00
59.9480	47.00
59.9740	52.00
60.0010	38.00
60.0270	47.00
60.0530	39.00
60.0800	55.00
60.1060	39.00
60.1320	45.00
60.1590	44.00
60.1850	33.00
60.2110	41.00
60.2380	46.00
60.2640	47.00
60.2900	44.00
60.3170	42.00
60.3430	54.00
60.3700	34.00
60.3960	38.00
60.4220	43.00
60.4490	43.00
60.4750	38.00
60.5010	40.00
60.5280	44.00
60.5540	46.00
60.5800	48.00
60.6070	58.00
60.6330	43.00
60.6590	43.00
60.6860	35.00
60.7120	39.00
60.7380	51.00
60.7650	53.00
60.7910	47.00
60.8180	36.00
60.8440	50.00
60.8700	59.00
60.8970	44.00
60.9230	50.00
60.9490	48.00
60.9760	49.00
61.0020	35.00
61.0280	45.00
61.0550	48.00
61.0810	45.00
61.1070	59.00
61.1340	44.00
61.1600	55.00
61.1860	54.00
61.2130	47.00
61.2390	63.00
61.2660	45.00
61.2920	45.00
61.3180	61.00
61.3450	53.00
61.3710	60.00
61.3970	56.00
61.4240	58.00
61.4500	63.00
61.4760	47.00
61.5030	60.00
61.5290	57.00
61.5550	63.00
61.5820	47.00
61.6080	58.00
61.6350	59.00
61.6610	70.00
61.6870	87.00
61.7140	74.00
61.7400	64.00
61.7660	62.00
61.7930	62.00
61.8190	63.00
61.8450	57.00
61.8720	64.00
61.8980	69.00
61.9240	58.00
61.9510	53.00
61.9770	54.00
62.0030	86.00
62.0300	58.00
62.0560	52.00
62.0830	61.00
62.1090	56.00
62.1350	52.00
62.1620	56.00
62.1880	50.00
62.2140	54.00
62.2410	61.00
62.2670	57.00
62.2930	53.00
62.3200	49.00
62.3460	55.00
62.3720	44.00
62.3990	61.00
62.4250	44.00
62.4510	43.00
62.4780	58.00
62.5040	47.00
62.5310	53.00
62.5570	51.00
62.5830	52.00
62.6100	51.00
62.6360	51.00
62.6620	53.00
62.6890	57.00
62.7150	54.00
62.7410	48.00
62.7680	64.00
62.7940	58.00
62.8200	47.00
62.8470	59.00
62.8730	47.00
62.9000	56.00
62.9260	49.00
62.9520	55.00
62.9790	46.00
63.0050	44.00
63.0310	37.00
63.0580	57.00
63.0840	55.00
63.1100	44.00
63.1370	50.00
63.1630	54.00
63.1890	49.00
63.2160	65.00
63.2420	59.00
63.2680	54.00
63.2950	62.00
63.3210	52.00
63.3480	67.00
63.3740	77.00
63.4000	66.00
63.4270	61.00
63.4530	63.00
63.4790	61.00
63.5060	69.00
63.5320	78.00
63.5580	79.00
63.5850	93.00
63.6110	112.00
63.6370	90.00
63.6640	107.00
63.6900	102.00
63.7160	139.00
63.7430	133.00
63.7690	150.00
63.7960	163.00
63.8220	202.00
63.8480	185.00
63.8750	156.00
63.9010	157.00
63.9270	164.00
63.9540	129.00
63.9800	136.00
64.0060	136.00
64.0330	150.00
64.0590	88.00
64.0850	97.00
64.1120	98.00
64.1380	84.00
64.1640	72.00
64.1910	86.00
64.2170	72.00
64.2440	69.00
64.2700	56.00
64.2960	67.00
64.3230	68.00
64.3490	65.00
64.3750	53.00
64.4020	66.00
64.4280	75.00
64.4540	73.00
64.4810	63.00
64.5070	69.00
64.5330	63.00
64.5600	69.00
64.5860	70.00
64.6130	68.00
64.6390	70.00
64.6650	61.00
64.6920	54.00
64.7180	60.00
64.7440	60.00
64.7710	70.00
64.7970	48.00
64.8230	56.00
64.8500	54.00
64.8760	42.00
64.9020	51.00
64.9290	56.00
64.9550	51.00
64.9810	53.00
65.0080	41.00
65.0340	43.00
65.0610	48.00
65.0870	35.00
65.1130	31.00
65.1400	48.00
65.1660	41.00
65.1920	46.00
65.2190	37.00
65.2450	54.00
65.2710	56.00
65.2980	54.00
65.3240	53.00
65.3500	47.00
65.3770	41.00
65.4030	62.00
65.4290	55.00
65.4560	50.00
65.4820	46.00
65.5090	43.00
65.5350	66.00
65.5610	48.00
65.5880	49.00
65.6140	56.00
65.6400	52.00
65.6670	52.00
65.6930	42.00
65.7190	51.00
65.7460	43.00
65.7720	51.00
65.7980	47.00
65.8250	40.00
65.8510	38.00
65.8770	28.00
65.9040	52.00
65.9300	42.00
65.9570	46.00
65.9830	46.00
66.0090	52.00
66.0360	45.00
66.0620	35.00
66.0880	33.00
66.1150	41.00
66.1410	32.00
66.1670	27.00
66.1940	35.00
66.2200	39.00
66.2460	40.00
66.2730	43.00
66.2990	44.00
66.3260	34.00
66.3520	41.00
66.3780	36.00
66.4050	42.00
66.4310	44.00
66.4570	37.00
66.4840	32.00
66.5100	37.00
66.5360	42.00
66.5630	45.00
66.5890	35.00
66.6150	41.00
66.6420	37.00
66.6680	34.00
66.6940	39.00
66.7210	40.00
66.7470	32.00
66.7740	41.00
66.8000	42.00
66.8260	37.00
66.8530	31.00
66.8790	37.00
66.9050	34.00
66.9320	35.00
66.9580	39.00
66.9840	35.00
67.0110	29.00
67.0370	32.00
67.0630	47.00
67.0900	36.00
67.1160	35.00
67.1420	43.00
67.1690	36.00
67.1950	31.00
67.2220	29.00
67.2480	38.00
67.2740	29.00
67.3010	42.00
67.3270	36.00
67.3530	29.00
67.3800	39.00
67.4060	41.00
67.4320	30.00
67.4590	28.00
67.4850	31.00
67.5110	36.00
67.5380	47.00
67.5640	39.00
67.5900	37.00
67.6170	24.00
67.6430	41.00
67.6700	35.00
67.6960	33.00
67.7220	26.00
67.7490	34.00
67.7750	28.00
67.8010	31.00
67.8280	31.00
67.8540	41.00
67.8800	38.00
67.9070	39.00
67.9330	30.00
67.9590	44.00
67.9860	37.00
68.0120	46.00
68.0390	43.00
68.0650	43.00
68.0910	42.00
68.1180	37.00
68.1440	45.00
68.1700	41.00
68.1970	51.00
68.2230	35.00
68.2490	37.00
68.2760	53.00
68.3020	47.00
68.3280	50.00
68.3550	59.00
68.3810	26.00
68.4070	43.00
68.4340	40.00
68.4600	40.00
68.4870	40.00
68.5130	50.00
68.5390	47.00
68.5660	33.00
68.5920	46.00
68.6180	32.00
68.6450	31.00
68.6710	44.00
68.6970	31.00
68.7240	37.00
68.7500	36.00
68.7760	36.00
68.8030	42.00
68.8290	46.00
68.8550	45.00
68.8820	41.00
68.9080	36.00
68.9350	39.00
68.9610	43.00
68.9870	38.00
69.0140	46.00
69.0400	50.00
69.0660	52.00
69.0930	45.00
69.1190	46.00
69.1450	38.00
69.1720	49.00
69.1980	61.00
69.2240	46.00
69.2510	49.00
69.2770	54.00
69.3030	47.00
69.3300	59.00
69.3560	60.00
69.3830	67.00
69.4090	41.00
69.4350	39.00
69.4620	63.00
69.4880	59.00
69.5140	58.00
69.5410	43.00
69.5670	45.00
69.5930	44.00
69.6200	45.00
69.6460	58.00
69.6720	46.00
69.6990	51.00
69.7250	41.00
69.7520	39.00
69.7780	50.00
69.8040	39.00
69.8310	32.00
69.8570	51.00
69.8830	34.00
69.9100	45.00
69.9360	39.00
69.9620	36.00
69.9890	48.00
70.0150	34.00
70.0410	36.00
70.0680	35.00
70.0940	44.00
70.1200	49.00
70.1470	46.00
70.1730	40.00
70.2000	34.00
70.2260	37.00
70.2520	37.00
70.2790	35.00
70.3050	32.00
70.3310	49.00
70.3580	35.00
70.3840	40.00
70.4100	37.00
70.4370	47.00
70.4630	34.00
70.4890	41.00
70.5160	37.00
70.5420	52.00
70.5680	40.00
70.5950	51.00
70.6210	43.00
70.6480	44.00
70.6740	45.00
70.7000	38.00
70.7270	42.00
70.7530	52.00
70.7790	57.00
70.8060	54.00
70.8320	67.00
70.8580	69.00
70.8850	76.00
70.9110	86.00
70.9370	93.00
70.9640	82.00
70.9900	92.00
71.0160	76.00
71.0430	83.00
71.0690	88.00
71.0960	93.00
71.1220	100.00
71.1480	78.00
71.1750	75.00
71.2010	67.00
71.2270	59.00
71.2540	63.00
71.2800	56.00
71.3060	73.00
71.3330	48.00
71.3590	54.00
71.3850	46.00
71.4120	43.00
71.4380	54.00
71.4650	44.00
71.4910	43.00
71.5170	42.00
71.5440	45.00
71.5700	43.00
71.5960	53.00
71.6230	38.00
71.6490	45.00
71.6750	36.00
71.7020	52.00
71.7280	40.00
71.7540	51.00
71.7810	33.00
71.8070	46.00
71.8330	48.00
71.8600	39.00
71.8860	39.00
71.9130	43.00
71.9390	38.00
71.9650	45.00
71.9920	40.00
72.0180	45.00
72.0440	41.00
72.0710	41.00
72.0970	30.00
72.1230	39.00
72.1500	36.00
72.1760	47.00
72.2020	41.00
72.2290	38.00
72.2550	50.00
72.2810	34.00
72.3080	39.00
72.3340	25.00
72.3610	41.00
72.3870	42.00
72.4130	46.00
72.4400	48.00
72.4660	42.00
72.4920	54.00
72.5190	61.00
72.5450	51.00
72.5710	48.00
72.5980	51.00
72.6240	52.00
72.6500	53.00
72.6770	52.00
72.7030	45.00
72.7300	62.00
72.7560	63.00
72.7820	62.00
72.8090	50.00
72.8350	62.00
72.8610	55.00
72.8880	53.00
72.9140	58.00
72.9400	49.00
72.9670	46.00
72.9930	56.00
73.0190	56.00
73.0460	60.00
73.0720	49.00
73.0980	54.00
73.1250	49.00
73.1510	44.00
73.1780	39.00
73.2040	39.00
73.2300	43.00
73.2570	41.00
73.2830	39.00
73.3090	50.00
73.3360	46.00
73.3620	35.00
73.3880	34.00
73.4150	37.00
73.4410	37.00
73.4670	32.00
73.4940	33.00
73.5200	34.00
73.5460	36.00
73.5730	44.00
73.5990	40.00
73.6260	34.00
73.6520	29.00
73.6780	31.00
73.7050	36.00
73.7310	41.00
73.7570	40.00
73.7840	29.00
73.8100	33.00
73.8360	38.00
73.8630	28.00
73.8890	31.00
73.9150	32.00
73.9420	25.00
73.9680	38.00
73.9940	35.00
74.0210	38.00
74.0470	31.00
74.0740	35.00
74.1000	27.00
74.1260	30.00
74.1530	32.00
74.1790	37.00
74.2050	29.00
74.2320	37.00
74.2580	35.00
74.2840	33.00
74.3110	36.00
74.3370	34.00
74.3630	41.00
74.3900	31.00
74.4160	28.00
74.4430	32.00
74.4690	36.00
74.4950	26.00
74.5220	33.00
74.5480	34.00
74.5740	41.00
74.6010	29.00
74.6270	46.00
74.6530	33.00
74.6800	40.00
74.7060	34.00
74.7320	40.00
74.7590	35.00
74.7850	38.00
74.8110	43.00
74.8380	31.00
74.8640	35.00
74.8910	42.00
74.9170	38.00
74.9430	45.00
74.9700	34.00
74.9960	44.00
75.0220	37.00
75.0490	40.00
75.0750	37.00
75.1010	29.00
75.1280	32.00
75.1540	49.00
75.1800	43.00
75.2070	39.00
75.2330	40.00
75.2590	41.00
75.2860	41.00
75.3120	45.00
75.3390	35.00
75.3650	34.00
75.3910	39.00
75.4180	27.00
75.4440	32.00
75.4700	30.00
75.4970	44.00
75.5230	40.00
75.5490	37.00
75.5760	29.00
75.6020	41.00
75.6280	30.00
75.6550	35.00
75.6810	30.00
75.7070	23.00
75.7340	31.00
75.7600	31.00
75.7870	27.00
75.8130	28.00
75.8390	34.00
75.8660	33.00
75.8920	28.00
75.9180	27.00
75.9450	28.00
75.9710	19.00
75.9970	30.00
76.0240	39.00
76.0500	21.00
76.0760	24.00
76.1030	21.00
76.1290	17.00
76.1560	29.00
76.1820	35.00
76.2080	24.00
76.2350	33.00
76.2610	33.00
76.2870	42.00
76.3140	31.00
76.3400	29.00
76.3660	21.00
76.3930	22.00
76.4190	31.00
76.4450	23.00
76.4720	28.00
76.4980	32.00
76.5240	19.00
76.5510	32.00
76.5770	30.00
76.6040	28.00
76.6300	40.00
76.6560	35.00
76.6830	28.00
76.7090	39.00
76.7350	30.00
76.7620	34.00
76.7880	34.00
76.8140	33.00
76.8410	31.00
76.8670	36.00
76.8930	32.00
76.9200	29.00
76.9460	25.00
76.9720	30.00
76.9990	30.00
77.0250	27.00
77.0520	33.00
77.0780	25.00
77.1040	32.00
77.1310	31.00
77.1570	33.00
77.1830	24.00
77.2100	33.00
77.2360	26.00
77.2620	33.00
77.2890	23.00
77.3150	30.00
77.3410	35.00
77.3680	25.00
77.3940	30.00
77.4200	28.00
77.4470	33.00
77.4730	33.00
77.5000	22.00
77.5260	26.00
77.5520	38.00
77.5790	35.00
77.6050	36.00
77.6310	35.00
77.6580	45.00
77.6840	32.00
77.7100	37.00
77.7370	34.00
77.7630	44.00
77.7890	46.00
77.8160	39.00
77.8420	53.00
77.8690	43.00
77.8950	57.00
77.9210	58.00
77.9480	66.00
77.9740	56.00
78.0000	69.00
78.0270	68.00
78.0530	72.00
78.0790	56.00
78.1060	54.00
78.1320	56.00
78.1580	63.00
78.1850	57.00
78.2110	60.00
78.2370	66.00
78.2640	51.00
78.2900	53.00
78.3170	48.00
78.3430	49.00
78.3690	46.00
78.3960	42.00
78.4220	45.00
78.4480	46.00
78.4750	46.00
78.5010	40.00
78.5270	36.00
78.5540	33.00
78.5800	39.00
78.6060	34.00
78.6330	31.00
78.6590	31.00
78.6850	37.00
78.7120	40.00
78.7380	40.00
78.7650	37.00
78.7910	24.00
78.8170	36.00
78.8440	30.00
78.8700	41.00
78.8960	25.00
78.9230	39.00
78.9490	26.00
78.9750	33.00
79.0020	40.00
79.0280	34.00
79.0540	30.00
79.0810	34.00
79.1070	37.00
79.1330	29.00
79.1600	31.00
79.1860	35.00
79.2130	37.00
79.2390	31.00
79.2650	37.00
79.2920	42.00
79.3180	26.00
79.3440	39.00
79.3710	38.00
79.3970	40.00
79.4230	31.00
79.4500	21.00
79.4760	31.00
79.5020	33.00
79.5290	18.00
79.5550	38.00
79.5820	42.00
79.6080	31.00
79.6340	33.00
79.6610	36.00
79.6870	28.00
79.7130	35.00
79.7400	34.00
79.7660	35.00
79.7920	39.00
79.8190	42.00
79.8450	33.00
79.8710	43.00
79.8980	42.00
79.9240	41.00
79.9500	39.00
79.9770	38.00
80.0030	42.00
