5.000	50.0
5.020	50.0
5.040	50.0
5.060	50.0
5.080	50.0
5.100	50.0
5.120	50.0
5.140	50.0
5.160	50.0
5.180	50.0
5.200	50.0
5.220	50.0
5.240	50.0
5.260	50.0
5.280	50.0
5.300	50.0
5.320	50.0
5.340	50.0
5.360	50.0
5.380	50.0
5.400	50.0
5.420	50.0
5.440	50.0
5.460	50.0
5.480	50.0
5.500	50.0
5.520	50.0
5.540	50.0
5.560	50.0
5.580	50.0
5.600	50.0
5.620	50.0
5.640	50.0
5.660	50.0
5.680	50.0
5.700	50.0
5.720	50.0
5.740	50.0
5.760	50.0
5.780	50.0
5.800	50.0
5.820	50.0
5.840	50.0
5.860	50.0
5.880	50.0
5.900	50.0
5.920	50.0
5.940	50.0
5.960	50.0
5.980	50.0
6.000	50.0
6.020	50.0
6.040	50.0
6.060	50.0
6.080	50.0
6.100	50.0
6.120	50.0
6.140	50.0
6.160	50.0
6.180	50.0
6.200	50.0
6.220	50.0
6.240	50.0
6.260	50.0
6.280	50.0
6.300	50.0
6.320	50.0
6.340	50.0
6.360	50.0
6.380	50.0
6.400	50.0
6.420	50.0
6.440	50.0
6.460	50.0
6.480	50.0
6.500	50.0
6.520	50.0
6.540	50.0
6.560	50.0
6.580	50.0
6.600	50.0
6.620	50.0
6.640	50.0
6.660	50.0
6.680	50.0
6.700	50.0
6.720	50.0
6.740	50.0
6.760	50.0
6.780	50.0
6.800	50.0
6.820	50.0
6.840	50.0
6.860	50.0
6.880	50.0
6.900	50.0
6.920	50.0
6.940	50.0
6.960	50.0
6.980	50.0
7.000	50.0
7.020	50.0
7.040	50.0
7.060	50.0
7.080	50.0
7.100	50.0
7.120	50.0
7.140	50.0
7.160	50.0
7.180	50.0
7.200	50.0
7.220	50.0
7.240	50.0
7.260	50.0
7.280	50.0
7.300	50.0
7.320	50.0
7.340	50.0
7.360	50.0
7.380	50.0
7.400	50.0
7.420	50.0
7.440	50.0
7.460	50.0
7.480	50.0
7.500	50.0
7.520	50.0
7.540	50.0
7.560	50.0
7.580	50.0
7.600	50.0
7.620	50.0
7.640	50.0
7.660	50.0
7.680	50.0
7.700	50.0
7.720	50.0
7.740	50.0
7.760	50.0
7.780	50.0
7.800	50.0
7.820	50.0
7.840	50.0
7.860	50.0
7.880	50.0
7.900	50.0
7.920	50.0
7.940	50.0
7.960	50.0
7.980	50.0
8.000	50.0
8.020	50.0
8.040	50.0
8.060	50.0
8.080	50.0
8.100	50.0
8.120	50.0
8.140	50.0
8.160	50.0
8.180	50.0
8.200	50.0
8.220	50.0
8.240	50.0
8.260	50.0
8.280	50.0
8.300	50.0
8.320	50.0
8.340	50.0
8.360	50.0
8.380	50.0
8.400	50.0
8.420	50.0
8.440	50.0
8.460	50.0
8.480	50.0
8.500	50.0
8.520	50.0
8.540	50.0
8.560	50.0
8.580	50.0
8.600	50.0
8.620	50.0
8.640	50.0
8.660	50.0
8.680	50.0
8.700	50.0
8.720	50.0
8.740	50.0
8.760	50.0
8.780	50.0
8.800	50.0
8.820	50.0
8.840	50.0
8.860	50.0
8.880	50.0
8.900	50.0
8.920	50.0
8.940	50.0
8.960	50.0
8.980	50.0
9.000	50.0
9.020	50.0
9.040	50.0
9.060	50.0
9.080	50.0
9.100	50.0
9.120	50.0
9.140	50.0
9.160	50.0
9.180	50.0
9.200	50.0
9.220	50.0
9.240	50.0
9.260	50.0
9.280	50.0
9.300	50.0
9.320	50.0
9.340	50.0
9.360	50.0
9.380	50.0
9.400	50.0
9.420	50.0
9.440	50.0
9.460	50.0
9.480	50.0
9.500	50.0
9.520	50.0
9.540	50.0
9.560	50.0
9.580	50.0
9.600	50.0
9.620	50.0
9.640	50.0
9.660	50.0
9.680	50.0
9.700	50.0
9.720	50.0
9.740	50.0
9.760	50.0
9.780	50.0
9.800	50.0
9.820	50.0
9.840	50.0
9.860	50.0
9.880	50.0
9.900	50.0
9.920	50.0
9.940	50.0
9.960	50.0
9.980	50.0
10.000	50.0
10.020	50.0
10.040	50.0
10.060	50.0
10.080	50.0
10.100	50.0
10.120	50.0
10.140	50.0
10.160	50.0
10.180	50.0
10.200	50.0
10.220	50.0
10.240	50.0
10.260	50.0
10.280	50.0
10.300	50.0
10.320	50.0
10.340	50.0
10.360	50.0
10.380	50.0
10.400	50.0
10.420	50.0
10.440	50.0
10.460	50.0
10.480	50.0
10.500	50.0
10.520	50.0
10.540	50.0
10.560	50.0
10.580	50.0
10.600	50.0
10.620	50.0
10.640	50.0
10.660	50.0
10.680	50.0
10.700	50.0
10.720	50.0
10.740	50.0
10.760	50.0
10.780	50.0
10.800	50.0
10.820	50.0
10.840	50.0
10.860	50.0
10.880	50.0
10.900	50.0
10.920	50.0
10.940	50.0
10.960	50.0
10.980	50.0
11.000	50.0
11.020	50.0
11.040	50.0
11.060	50.0
11.080	50.0
11.100	50.0
11.120	50.0
11.140	50.0
11.160	50.0
11.180	50.0
11.200	50.0
11.220	50.0
11.240	50.0
11.260	50.0
11.280	50.0
11.300	50.0
11.320	50.0
11.340	50.0
11.360	50.0
11.380	50.0
11.400	50.0
11.420	50.0
11.440	50.0
11.460	50.0
11.480	50.0
11.500	50.0
11.520	50.0
11.540	50.0
11.560	50.0
11.580	50.0
11.600	50.0
11.620	50.0
11.640	50.0
11.660	50.0
11.680	50.0
11.700	50.0
11.720	50.0
11.740	50.0
11.760	50.0
11.780	50.0
11.800	50.0
11.820	50.0
11.840	50.0
11.860	50.0
11.880	50.0
11.900	50.0
11.920	50.0
11.940	50.0
11.960	50.0
11.980	50.0
12.000	50.0
12.020	50.0
12.040	50.0
12.060	50.0
12.080	50.0
12.100	50.0
12.120	50.0
12.140	50.0
12.160	50.0
12.180	50.0
12.200	50.0
12.220	50.0
12.240	50.0
12.260	50.0
12.280	50.0
12.300	50.0
12.320	50.0
12.340	50.0
12.360	50.0
12.380	50.0
12.400	50.0
12.420	50.0
12.440	50.0
12.460	50.0
12.480	50.0
12.500	50.0
12.520	50.0
12.540	50.0
12.560	50.0
12.580	50.0
12.600	50.0
12.620	50.0
12.640	50.0
12.660	50.0
12.680	50.0
12.700	50.0
12.720	50.0
12.740	50.0
12.760	50.0
12.780	50.0
12.800	50.0
12.820	50.0
12.840	50.0
12.860	50.0
12.880	50.0
12.900	50.0
12.920	50.0
12.940	50.0
12.960	50.0
12.980	50.0
13.000	50.0
13.020	50.0
13.040	50.0
13.060	50.0
13.080	50.0
13.100	50.0
13.120	50.0
13.140	50.0
13.160	50.0
13.180	50.0
13.200	50.0
13.220	50.0
13.240	50.0
13.260	50.0
13.280	50.0
13.300	50.0
13.320	50.0
13.340	50.0
13.360	50.0
13.380	50.0
13.400	50.0
13.420	50.0
13.440	50.0
13.460	50.0
13.480	50.0
13.500	50.0
13.520	50.0
13.540	50.0
13.560	50.0
13.580	50.0
13.600	50.0
13.620	50.0
13.640	50.0
13.660	50.0
13.680	50.0
13.700	50.0
13.720	50.0
13.740	50.0
13.760	50.0
13.780	50.0
13.800	50.0
13.820	50.0
13.840	50.0
13.860	50.0
13.880	50.0
13.900	50.0
13.920	50.0
13.940	50.0
13.960	50.0
13.980	50.0
14.000	50.0
14.020	50.0
14.040	50.0
14.060	50.0
14.080	50.0
14.100	50.0
14.120	50.0
14.140	50.0
14.160	50.0
14.180	50.0
14.200	50.0
14.220	50.0
14.240	50.0
14.260	50.0
14.280	50.0
14.300	50.0
14.320	50.0
14.340	50.0
14.360	50.0
14.380	50.0
14.400	50.0
14.420	50.0
14.440	50.0
14.460	50.0
14.480	50.0
14.500	50.0
14.520	50.0
14.540	50.0
14.560	50.0
14.580	50.0
14.600	50.0
14.620	50.0
14.640	50.0
14.660	50.0
14.680	50.0
14.700	50.0
14.720	50.0
14.740	50.0
14.760	50.0
14.780	50.0
14.800	50.0
14.820	50.0
14.840	50.0
14.860	50.0
14.880	50.0
14.900	50.0
14.920	50.0
14.940	50.0
14.960	50.0
14.980	50.0
15.000	50.0
15.020	50.0
15.040	50.0
15.060	50.0
15.080	50.0
15.100	50.0
15.120	50.0
15.140	50.0
15.160	50.0
15.180	50.0
15.200	50.0
15.220	50.0
15.240	50.0
15.260	50.0
15.280	50.0
15.300	50.0
15.320	50.0
15.340	50.0
15.360	50.0
15.380	50.0
15.400	50.0
15.420	50.0
15.440	50.0
15.460	50.0
15.480	50.0
15.500	50.0
15.520	50.0
15.540	50.0
15.560	50.0
15.580	50.0
15.600	50.0
15.620	50.0
15.640	50.0
15.660	50.0
15.680	50.0
15.700	50.0
15.720	50.0
15.740	50.0
15.760	50.0
15.780	50.0
15.800	50.0
15.820	50.0
15.840	50.0
15.860	50.0
15.880	50.0
15.900	50.0
15.920	50.0
15.940	50.0
15.960	50.0
15.980	50.0
16.000	50.0
16.020	50.0
16.040	50.0
16.060	50.0
16.080	50.0
16.100	50.0
16.120	50.0
16.140	50.0
16.160	50.0
16.180	50.0
16.200	50.0
16.220	50.0
16.240	50.0
16.260	50.0
16.280	50.0
16.300	50.0
16.320	50.0
16.340	50.0
16.360	50.0
16.380	50.0
16.400	50.0
16.420	50.0
16.440	50.0
16.460	50.0
16.480	50.0
16.500	50.0
16.520	50.0
16.540	50.0
16.560	50.0
16.580	50.0
16.600	50.0
16.620	50.0
16.640	50.0
16.660	50.0
16.680	50.0
16.700	50.0
16.720	50.0
16.740	50.0
16.760	50.0
16.780	50.0
16.800	50.0
16.820	50.0
16.840	50.0
16.860	50.0
16.880	50.0
16.900	50.0
16.920	50.0
16.940	50.0
16.960	50.0
16.980	50.0
17.000	50.0
17.020	50.0
17.040	50.0
17.060	50.0
17.080	50.0
17.100	50.0
17.120	50.0
17.140	50.0
17.160	50.0
17.180	50.0
17.200	50.0
17.220	50.0
17.240	50.0
17.260	50.0
17.280	50.0
17.300	50.0
17.320	50.0
17.340	50.0
17.360	50.0
17.380	50.0
17.400	50.0
17.420	50.0
17.440	50.0
17.460	50.0
17.480	50.0
17.500	50.0
17.520	50.0
17.540	50.0
17.560	50.0
17.580	50.0
17.600	50.0
17.620	50.0
17.640	50.0
17.660	50.0
17.680	50.0
17.700	50.0
17.720	50.0
17.740	50.0
17.760	50.0
17.780	50.0
17.800	50.0
17.820	50.0
17.840	50.0
17.860	50.0
17.880	50.0
17.900	50.0
17.920	50.0
17.940	50.0
17.960	50.0
17.980	50.0
18.000	50.0
18.020	50.0
18.040	50.0
18.060	50.0
18.080	50.0
18.100	50.0
18.120	50.0
18.140	50.0
18.160	50.0
18.180	50.0
18.200	50.0
18.220	50.0
18.240	50.0
18.260	50.0
18.280	50.0
18.300	50.0
18.320	50.0
18.340	50.0
18.360	50.0
18.380	50.0
18.400	50.0
18.420	50.0
18.440	50.0
18.460	50.0
18.480	50.0
18.500	50.0
18.520	50.0
18.540	50.0
18.560	50.0
18.580	50.0
18.600	50.0
18.620	50.0
18.640	50.0
18.660	50.0
18.680	50.0
18.700	50.0
18.720	50.0
18.740	50.0
18.760	50.0
18.780	50.0
18.800	50.0
18.820	50.0
18.840	50.0
18.860	50.0
18.880	50.0
18.900	50.0
18.920	50.0
18.940	50.0
18.960	50.0
18.980	50.0
19.000	50.0
19.020	50.0
19.040	50.0
19.060	50.0
19.080	50.0
19.100	50.0
19.120	50.0
19.140	50.0
19.160	50.0
19.180	50.0
19.200	50.0
19.220	50.0
19.240	50.0
19.260	50.0
19.280	50.0
19.300	50.0
19.320	50.0
19.340	50.0
19.360	50.0
19.380	50.0
19.400	50.0
19.420	50.0
19.440	50.0
19.460	50.0
19.480	50.0
19.500	50.0
19.520	50.0
19.540	50.0
19.560	50.0
19.580	50.0
19.600	50.0
19.620	50.0
19.640	50.0
19.660	50.0
19.680	50.0
19.700	50.0
19.720	50.0
19.740	50.0
19.760	50.0
19.780	50.0
19.800	50.0
19.820	50.0
19.840	50.0
19.860	50.0
19.880	50.0
19.900	50.0
19.920	50.0
19.940	50.0
19.960	50.0
19.980	50.0
20.000	50.0
20.020	50.0
20.040	50.0
20.060	50.0
20.080	50.0
20.100	50.0
20.120	50.0
20.140	50.0
20.160	50.0
20.180	50.0
20.200	50.0
20.220	50.0
20.240	50.0
20.260	50.0
20.280	50.0
20.300	50.0
20.320	50.0
20.340	50.0
20.360	50.0
20.380	50.0
20.400	50.0
20.420	50.0
20.440	50.0
20.460	50.0
20.480	50.0
20.500	50.0
20.520	50.0
20.540	50.0
20.560	50.0
20.580	50.0
20.600	50.0
20.620	50.0
20.640	50.0
20.660	50.0
20.680	50.0
20.700	50.0
20.720	50.0
20.740	50.0
20.760	50.0
20.780	50.0
20.800	50.0
20.820	50.0
20.840	50.0
20.860	50.0
20.880	50.0
20.900	50.0
20.920	50.0
20.940	50.0
20.960	50.0
20.980	50.0
21.000	50.0
21.020	50.0
21.040	50.0
21.060	50.0
21.080	50.0
21.100	50.0
21.120	50.0
21.140	50.0
21.160	50.0
21.180	50.0
21.200	50.0
21.220	50.0
21.240	50.0
21.260	50.0
21.280	50.0
21.300	50.0
21.320	50.0
21.340	50.0
21.360	50.0
21.380	50.0
21.400	50.0
21.420	50.0
21.440	50.0
21.460	50.0
21.480	50.0
21.500	50.0
21.520	50.0
21.540	50.0
21.560	50.0
21.580	50.0
21.600	50.0
21.620	50.0
21.640	50.0
21.660	50.0
21.680	50.0
21.700	50.0
21.720	50.0
21.740	50.0
21.760	50.0
21.780	50.0
21.800	50.0
21.820	50.0
21.840	50.0
21.860	50.0
21.880	50.0
21.900	50.0
21.920	50.0
21.940	50.0
21.960	50.0
21.980	50.0
22.000	50.0
22.020	50.0
22.040	50.0
22.060	50.0
22.080	50.0
22.100	50.0
22.120	50.0
22.140	50.0
22.160	50.0
22.180	50.0
22.200	50.0
22.220	50.0
22.240	50.0
22.260	50.0
22.280	50.0
22.300	50.0
22.320	50.0
22.340	50.0
22.360	50.0
22.380	50.0
22.400	50.0
22.420	50.0
22.440	50.0
22.460	50.0
22.480	50.0
22.500	50.0
22.520	50.0
22.540	50.0
22.560	50.0
22.580	50.0
22.600	50.0
22.620	50.0
22.640	50.0
22.660	50.0
22.680	50.0
22.700	50.0
22.720	50.0
22.740	50.0
22.760	50.0
22.780	50.0
22.800	50.0
22.820	50.0
22.840	50.0
22.860	50.0
22.880	50.0
22.900	50.0
22.920	50.0
22.940	50.0
22.960	50.0
22.980	50.0
23.000	50.0
23.020	50.0
23.040	50.0
23.060	50.0
23.080	50.0
23.100	50.0
23.120	50.0
23.140	50.0
23.160	50.0
23.180	50.0
23.200	50.0
23.220	50.0
23.240	50.0
23.260	50.0
23.280	50.0
23.300	50.0
23.320	50.0
23.340	50.0
23.360	50.0
23.380	50.0
23.400	50.0
23.420	50.0
23.440	50.0
23.460	50.0
23.480	50.0
23.500	50.0
23.520	50.0
23.540	50.0
23.560	50.0
23.580	50.0
23.600	50.0
23.620	50.0
23.640	50.0
23.660	50.0
23.680	50.0
23.700	50.0
23.720	50.0
23.740	50.0
23.760	50.0
23.780	50.0
23.800	50.0
23.820	50.0
23.840	50.0
23.860	50.0
23.880	50.0
23.900	50.0
23.920	50.0
23.940	50.0
23.960	50.0
23.980	50.0
24.000	50.0
24.020	50.0
24.040	50.0
24.060	50.0
24.080	50.0
24.100	50.0
24.120	50.0
24.140	50.0
24.160	50.0
24.180	50.0
24.200	50.0
24.220	50.0
24.240	50.0
24.260	50.0
24.280	50.0
24.300	50.0
24.320	50.0
24.340	50.0
24.360	50.0
24.380	50.0
24.400	50.0
24.420	50.0
24.440	50.0
24.460	50.0
24.480	50.0
24.500	50.0
24.520	50.0
24.540	50.0
24.560	50.0
24.580	50.0
24.600	50.0
24.620	50.0
24.640	50.0
24.660	50.0
24.680	50.0
24.700	50.0
24.720	50.0
24.740	50.0
24.760	50.0
24.780	50.0
24.800	50.0
24.820	50.0
24.840	50.0
24.860	50.0
24.880	50.0
24.900	50.0
24.920	50.0
24.940	50.0
24.960	50.0
24.980	50.0
25.000	50.0
25.020	50.0
25.040	50.0
25.060	50.0
25.080	50.0
25.100	50.0
25.120	50.0
25.140	50.0
25.160	50.0
25.180	50.0
25.200	50.0
25.220	50.0
25.240	50.0
25.260	50.0
25.280	50.0
25.300	50.0
25.320	50.0
25.340	50.0
25.360	50.0
25.380	50.0
25.400	50.0
25.420	50.0
25.440	50.0
25.460	50.0
25.480	50.0
25.500	50.0
25.520	50.0
25.540	50.0
25.560	50.0
25.580	50.0
25.600	50.0
25.620	50.0
25.640	50.0
25.660	50.0
25.680	50.0
25.700	50.0
25.720	50.0
25.740	50.0
25.760	50.0
25.780	50.0
25.800	50.0
25.820	50.0
25.840	50.0
25.860	50.0
25.880	50.0
25.900	50.0
25.920	50.0
25.940	50.0
25.960	50.0
25.980	50.0
26.000	50.0
26.020	50.0
26.040	50.0
26.060	50.0
26.080	50.0
26.100	50.0
26.120	50.0
26.140	50.0
26.160	50.0
26.180	50.0
26.200	50.0
26.220	50.0
26.240	50.0
26.260	50.0
26.280	50.0
26.300	50.0
26.320	50.0
26.340	50.0
26.360	50.0
26.380	50.0
26.400	50.0
26.420	50.0
26.440	50.0
26.460	50.0
26.480	50.0
26.500	50.0
26.520	50.0
26.540	50.0
26.560	50.1
26.580	50.1
26.600	50.1
26.620	50.1
26.640	50.1
26.660	50.1
26.680	50.1
26.700	50.1
26.720	50.1
26.740	50.1
26.760	50.1
26.780	50.1
26.800	50.1
26.820	50.1
26.840	50.1
26.860	50.1
26.880	50.1
26.900	50.1
26.920	50.1
26.940	50.1
26.960	50.1
26.980	50.1
27.000	50.1
27.020	50.1
27.040	50.1
27.060	50.1
27.080	50.1
27.100	50.1
27.120	50.1
27.140	50.1
27.160	50.1
27.180	50.1
27.200	50.1
27.220	50.1
27.240	50.1
27.260	50.1
27.280	50.1
27.300	50.1
27.320	50.1
27.340	50.1
27.360	50.1
27.380	50.1
27.400	50.1
27.420	50.1
27.440	50.1
27.460	50.1
27.480	50.1
27.500	50.1
27.520	50.1
27.540	50.1
27.560	50.1
27.580	50.1
27.600	50.1
27.620	50.1
27.640	50.1
27.660	50.1
27.680	50.1
27.700	50.1
27.720	50.1
27.740	50.1
27.760	50.1
27.780	50.1
27.800	50.1
27.820	50.1
27.840	50.1
27.860	50.1
27.880	50.1
27.900	50.1
27.920	50.1
27.940	50.1
27.960	50.1
27.980	50.1
28.000	50.1
28.020	50.1
28.040	50.1
28.060	50.1
28.080	50.1
28.100	50.1
28.120	50.1
28.140	50.1
28.160	50.1
28.180	50.1
28.200	50.1
28.220	50.1
28.240	50.1
28.260	50.1
28.280	50.1
28.300	50.1
28.320	50.1
28.340	50.1
28.360	50.1
28.380	50.1
28.400	50.1
28.420	50.1
28.440	50.1
28.460	50.1
28.480	50.1
28.500	50.1
28.520	50.1
28.540	50.1
28.560	50.1
28.580	50.1
28.600	50.1
28.620	50.1
28.640	50.1
28.660	50.1
28.680	50.1
28.700	50.1
28.720	50.1
28.740	50.1
28.760	50.1
28.780	50.1
28.800	50.1
28.820	50.1
28.840	50.1
28.860	50.1
28.880	50.1
28.900	50.1
28.920	50.1
28.940	50.1
28.960	50.1
28.980	50.1
29.000	50.1
29.020	50.1
29.040	50.1
29.060	50.1
29.080	50.1
29.100	50.1
29.120	50.1
29.140	50.1
29.160	50.2
29.180	50.2
29.200	50.2
29.220	50.2
29.240	50.2
29.260	50.2
29.280	50.2
29.300	50.2
29.320	50.2
29.340	50.2
29.360	50.2
29.380	50.2
29.400	50.2
29.420	50.2
29.440	50.2
29.460	50.2
29.480	50.2
29.500	50.2
29.520	50.2
29.540	50.2
29.560	50.2
29.580	50.2
29.600	50.2
29.620	50.2
29.640	50.2
29.660	50.2
29.680	50.2
29.700	50.2
29.720	50.2
29.740	50.2
29.760	50.2
29.780	50.2
29.800	50.2
29.820	50.2
29.840	50.2
29.860	50.3
29.880	50.3
29.900	50.3
29.920	50.3
29.940	50.3
29.960	50.3
29.980	50.3
30.000	50.3
30.020	50.3
30.040	50.3
30.060	50.3
30.080	50.3
30.100	50.3
30.120	50.3
30.140	50.3
30.160	50.3
30.180	50.3
30.200	50.4
30.220	50.4
30.240	50.4
30.260	50.4
30.280	50.4
30.300	50.4
30.320	50.4
30.340	50.4
30.360	50.4
30.380	50.4
30.400	50.5
30.420	50.5
30.440	50.5
30.460	50.5
30.480	50.5
30.500	50.5
30.520	50.5
30.540	50.5
30.560	50.6
30.580	50.6
30.600	50.6
30.620	50.6
30.640	50.6
30.660	50.7
30.680	50.7
30.700	50.7
30.720	50.7
30.740	50.8
30.760	50.8
30.780	50.8
30.800	50.8
30.820	50.9
30.840	50.9
30.860	50.9
30.880	51.0
30.900	51.0
30.920	51.1
30.940	51.1
30.960	51.2
30.980	51.2
31.000	51.3
31.020	51.4
31.040	51.4
31.060	51.5
31.080	51.6
31.100	51.7
31.120	51.8
31.140	51.9
31.160	52.0
31.180	52.1
31.200	52.3
31.220	52.4
31.240	52.6
31.260	52.8
31.280	53.0
31.300	53.3
31.320	53.6
31.340	53.9
31.360	54.3
31.380	54.7
31.400	55.2
31.420	55.8
31.440	56.5
31.460	57.3
31.480	58.3
31.500	59.6
31.520	61.1
31.540	63.0
31.560	65.4
31.580	68.6
31.600	72.9
31.620	79.2
31.640	89.5
31.660	108.9
31.680	147.5
31.700	219.7
31.720	335.1
31.740	481.8
31.760	601.4
31.780	601.4
31.800	481.8
31.820	335.1
31.840	219.7
31.860	147.5
31.880	108.9
31.900	89.5
31.920	79.2
31.940	72.9
31.960	68.6
31.980	65.5
32.000	63.0
32.020	61.1
32.040	59.6
32.060	58.4
32.080	57.4
32.100	56.6
32.120	55.9
32.140	55.3
32.160	54.8
32.180	54.4
32.200	54.0
32.220	53.7
32.240	53.4
32.260	53.1
32.280	52.9
32.300	52.7
32.320	52.5
32.340	52.4
32.360	52.2
32.380	52.1
32.400	52.0
32.420	51.9
32.440	51.8
32.460	51.7
32.480	51.6
32.500	51.6
32.520	51.5
32.540	51.4
32.560	51.4
32.580	51.3
32.600	51.3
32.620	51.2
32.640	51.2
32.660	51.2
32.680	51.1
32.700	51.1
32.720	51.1
32.740	51.1
32.760	51.0
32.780	51.0
32.800	51.0
32.820	51.0
32.840	51.0
32.860	50.9
32.880	50.9
32.900	50.9
32.920	50.9
32.940	50.9
32.960	50.9
32.980	50.9
33.000	50.9
33.020	50.9
33.040	50.9
33.060	50.8
33.080	50.8
33.100	50.8
33.120	50.8
33.140	50.8
33.160	50.8
33.180	50.8
33.200	50.9
33.220	50.9
33.240	50.9
33.260	50.9
33.280	50.9
33.300	50.9
33.320	50.9
33.340	50.9
33.360	50.9
33.380	50.9
33.400	50.9
33.420	51.0
33.440	51.0
33.460	51.0
33.480	51.0
33.500	51.1
33.520	51.1
33.540	51.1
33.560	51.1
33.580	51.2
33.600	51.2
33.620	51.2
33.640	51.3
33.660	51.3
33.680	51.4
33.700	51.4
33.720	51.5
33.740	51.6
33.760	51.6
33.780	51.7
33.800	51.8
33.820	51.9
33.840	52.0
33.860	52.1
33.880	52.2
33.900	52.4
33.920	52.5
33.940	52.7
33.960	52.9
33.980	53.2
34.000	53.4
34.020	53.7
34.040	54.1
34.060	54.5
34.080	55.0
34.100	55.6
34.120	56.3
34.140	57.1
34.160	58.1
34.180	59.4
34.200	61.0
34.220	63.1
34.240	65.9
34.260	69.7
34.280	75.5
34.300	85.6
34.320	105.4
34.340	144.2
34.360	212.9
34.380	314.4
34.400	427.2
34.420	489.9
34.440	446.3
34.460	337.4
34.480	230.9
34.500	155.3
34.520	111.3
34.540	88.6
34.560	77.2
34.580	70.8
34.600	66.7
34.620	63.8
34.640	61.6
34.660	59.9
34.680	58.6
34.700	57.5
34.720	56.6
34.740	55.9
34.760	55.4
34.780	54.9
34.800	54.5
34.820	54.1
34.840	53.8
34.860	53.6
34.880	53.3
34.900	53.1
34.920	53.0
34.940	52.8
34.960	52.7
34.980	52.6
35.000	52.5
35.020	52.4
35.040	52.3
35.060	52.3
35.080	52.2
35.100	52.2
35.120	52.2
35.140	52.1
35.160	52.1
35.180	52.1
35.200	52.1
35.220	52.1
35.240	52.1
35.260	52.1
35.280	52.1
35.300	52.1
35.320	52.2
35.340	52.2
35.360	52.2
35.380	52.3
35.400	52.3
35.420	52.4
35.440	52.5
35.460	52.5
35.480	52.6
35.500	52.7
35.520	52.8
35.540	52.9
35.560	53.1
35.580	53.2
35.600	53.4
35.620	53.5
35.640	53.7
35.660	53.9
35.680	54.2
35.700	54.4
35.720	54.7
35.740	55.1
35.760	55.4
35.780	55.9
35.800	56.4
35.820	56.9
35.840	57.5
35.860	58.3
35.880	59.1
35.900	60.1
35.920	61.3
35.940	62.7
35.960	64.4
35.980	66.5
36.000	69.1
36.020	72.3
36.040	76.4
36.060	81.7
36.080	88.9
36.100	99.2
36.120	115.9
36.140	146.6
36.160	207.8
36.180	324.0
36.200	515.1
36.220	768.2
36.240	995.7
36.260	1033.8
36.280	845.8
36.300	586.7
36.320	373.1
36.340	235.6
36.360	160.7
36.380	123.0
36.400	103.3
36.420	91.5
36.440	83.6
36.460	77.7
36.480	73.3
36.500	69.8
36.520	67.1
36.540	64.9
36.560	63.1
36.580	61.6
36.600	60.3
36.620	59.3
36.640	58.4
36.660	57.6
36.680	56.9
36.700	56.3
36.720	55.8
36.740	55.4
36.760	54.9
36.780	54.6
36.800	54.3
36.820	54.0
36.840	53.7
36.860	53.5
36.880	53.3
36.900	53.1
36.920	52.9
36.940	52.8
36.960	52.6
36.980	52.5
37.000	52.3
37.020	52.2
37.040	52.1
37.060	52.0
37.080	51.9
37.100	51.8
37.120	51.8
37.140	51.7
37.160	51.6
37.180	51.6
37.200	51.5
37.220	51.4
37.240	51.4
37.260	51.3
37.280	51.3
37.300	51.2
37.320	51.2
37.340	51.1
37.360	51.1
37.380	51.1
37.400	51.0
37.420	51.0
37.440	51.0
37.460	50.9
37.480	50.9
37.500	50.9
37.520	50.9
37.540	50.8
37.560	50.8
37.580	50.8
37.600	50.8
37.620	50.7
37.640	50.7
37.660	50.7
37.680	50.7
37.700	50.7
37.720	50.7
37.740	50.6
37.760	50.6
37.780	50.6
37.800	50.6
37.820	50.6
37.840	50.6
37.860	50.6
37.880	50.5
37.900	50.5
37.920	50.5
37.940	50.5
37.960	50.5
37.980	50.5
38.000	50.5
38.020	50.5
38.040	50.5
38.060	50.4
38.080	50.4
38.100	50.4
38.120	50.4
38.140	50.4
38.160	50.4
38.180	50.4
38.200	50.4
38.220	50.4
38.240	50.4
38.260	50.4
38.280	50.4
38.300	50.4
38.320	50.4
38.340	50.3
38.360	50.3
38.380	50.3
38.400	50.3
38.420	50.3
38.440	50.3
38.460	50.3
38.480	50.3
38.500	50.3
38.520	50.3
38.540	50.3
38.560	50.3
38.580	50.3
38.600	50.3
38.620	50.3
38.640	50.3
38.660	50.3
38.680	50.3
38.700	50.3
38.720	50.3
38.740	50.3
38.760	50.2
38.780	50.2
38.800	50.2
38.820	50.2
38.840	50.2
38.860	50.2
38.880	50.2
38.900	50.2
38.920	50.2
38.940	50.2
38.960	50.2
38.980	50.2
39.000	50.2
39.020	50.2
39.040	50.2
39.060	50.2
39.080	50.2
39.100	50.2
39.120	50.2
39.140	50.2
39.160	50.2
39.180	50.2
39.200	50.2
39.220	50.2
39.240	50.2
39.260	50.2
39.280	50.2
39.300	50.2
39.320	50.2
39.340	50.2
39.360	50.2
39.380	50.2
39.400	50.2
39.420	50.2
39.440	50.2
39.460	50.2
39.480	50.2
39.500	50.2
39.520	50.2
39.540	50.2
39.560	50.2
39.580	50.2
39.600	50.2
39.620	50.1
39.640	50.1
39.660	50.1
39.680	50.1
39.700	50.1
39.720	50.1
39.740	50.1
39.760	50.1
39.780	50.1
39.800	50.1
39.820	50.1
39.840	50.1
39.860	50.1
39.880	50.1
39.900	50.1
39.920	50.1
39.940	50.1
39.960	50.1
39.980	50.1
40.000	50.1
40.020	50.1
40.040	50.1
40.060	50.1
40.080	50.1
40.100	50.1
40.120	50.1
40.140	50.1
40.160	50.1
40.180	50.1
40.200	50.1
40.220	50.1
40.240	50.1
40.260	50.1
40.280	50.1
40.300	50.1
40.320	50.1
40.340	50.1
40.360	50.1
40.380	50.1
40.400	50.1
40.420	50.1
40.440	50.1
40.460	50.1
40.480	50.1
40.500	50.1
40.520	50.1
40.540	50.1
40.560	50.1
40.580	50.1
40.600	50.1
40.620	50.1
40.640	50.1
40.660	50.1
40.680	50.1
40.700	50.1
40.720	50.1
40.740	50.1
40.760	50.1
40.780	50.1
40.800	50.1
40.820	50.1
40.840	50.1
40.860	50.1
40.880	50.1
40.900	50.1
40.920	50.1
40.940	50.1
40.960	50.1
40.980	50.1
41.000	50.1
41.020	50.1
41.040	50.1
41.060	50.1
41.080	50.1
41.100	50.1
41.120	50.1
41.140	50.1
41.160	50.1
41.180	50.1
41.200	50.1
41.220	50.1
41.240	50.1
41.260	50.1
41.280	50.1
41.300	50.1
41.320	50.1
41.340	50.1
41.360	50.1
41.380	50.1
41.400	50.1
41.420	50.1
41.440	50.1
41.460	50.1
41.480	50.1
41.500	50.1
41.520	50.1
41.540	50.1
41.560	50.1
41.580	50.1
41.600	50.1
41.620	50.1
41.640	50.1
41.660	50.1
41.680	50.1
41.700	50.1
41.720	50.1
41.740	50.1
41.760	50.1
41.780	50.1
41.800	50.1
41.820	50.1
41.840	50.1
41.860	50.1
41.880	50.1
41.900	50.1
41.920	50.1
41.940	50.1
41.960	50.1
41.980	50.1
42.000	50.1
42.020	50.1
42.040	50.1
42.060	50.1
42.080	50.1
42.100	50.1
42.120	50.1
42.140	50.1
42.160	50.1
42.180	50.1
42.200	50.1
42.220	50.1
42.240	50.1
42.260	50.1
42.280	50.1
42.300	50.1
42.320	50.1
42.340	50.1
42.360	50.1
42.380	50.1
42.400	50.1
42.420	50.1
42.440	50.1
42.460	50.1
42.480	50.1
42.500	50.1
42.520	50.1
42.540	50.1
42.560	50.1
42.580	50.1
42.600	50.1
42.620	50.1
42.640	50.1
42.660	50.1
42.680	50.1
42.700	50.1
42.720	50.1
42.740	50.1
42.760	50.1
42.780	50.1
42.800	50.1
42.820	50.1
42.840	50.1
42.860	50.1
42.880	50.1
42.900	50.1
42.920	50.1
42.940	50.1
42.960	50.1
42.980	50.1
43.000	50.1
43.020	50.1
43.040	50.1
43.060	50.1
43.080	50.1
43.100	50.1
43.120	50.1
43.140	50.1
43.160	50.1
43.180	50.1
43.200	50.1
43.220	50.1
43.240	50.1
43.260	50.1
43.280	50.1
43.300	50.1
43.320	50.1
43.340	50.1
43.360	50.1
43.380	50.1
43.400	50.1
43.420	50.1
43.440	50.1
43.460	50.1
43.480	50.1
43.500	50.1
43.520	50.1
43.540	50.1
43.560	50.1
43.580	50.1
43.600	50.1
43.620	50.1
43.640	50.1
43.660	50.1
43.680	50.1
43.700	50.1
43.720	50.1
43.740	50.1
43.760	50.1
43.780	50.1
43.800	50.1
43.820	50.1
43.840	50.1
43.860	50.1
43.880	50.1
43.900	50.1
43.920	50.1
43.940	50.1
43.960	50.1
43.980	50.1
44.000	50.1
44.020	50.1
44.040	50.1
44.060	50.1
44.080	50.1
44.100	50.1
44.120	50.1
44.140	50.1
44.160	50.1
44.180	50.1
44.200	50.1
44.220	50.1
44.240	50.1
44.260	50.1
44.280	50.1
44.300	50.1
44.320	50.1
44.340	50.1
44.360	50.1
44.380	50.1
44.400	50.1
44.420	50.1
44.440	50.1
44.460	50.1
44.480	50.1
44.500	50.1
44.520	50.1
44.540	50.1
44.560	50.1
44.580	50.1
44.600	50.1
44.620	50.1
44.640	50.1
44.660	50.1
44.680	50.1
44.700	50.1
44.720	50.1
44.740	50.1
44.760	50.1
44.780	50.1
44.800	50.1
44.820	50.1
44.840	50.1
44.860	50.1
44.880	50.1
44.900	50.1
44.920	50.1
44.940	50.1
44.960	50.1
44.980	50.1
45.000	50.1
45.020	50.1
45.040	50.1
45.060	50.1
45.080	50.1
45.100	50.1
45.120	50.1
45.140	50.1
45.160	50.1
45.180	50.1
45.200	50.1
45.220	50.1
45.240	50.1
45.260	50.1
45.280	50.1
45.300	50.1
45.320	50.1
45.340	50.1
45.360	50.1
45.380	50.1
45.400	50.1
45.420	50.1
45.440	50.1
45.460	50.1
45.480	50.1
45.500	50.1
45.520	50.1
45.540	50.1
45.560	50.1
45.580	50.1
45.600	50.1
45.620	50.1
45.640	50.1
45.660	50.1
45.680	50.1
45.700	50.1
45.720	50.1
45.740	50.1
45.760	50.1
45.780	50.1
45.800	50.1
45.820	50.1
45.840	50.1
45.860	50.1
45.880	50.1
45.900	50.1
45.920	50.1
45.940	50.1
45.960	50.1
45.980	50.1
46.000	50.1
46.020	50.2
46.040	50.2
46.060	50.2
46.080	50.2
46.100	50.2
46.120	50.2
46.140	50.2
46.160	50.2
46.180	50.2
46.200	50.2
46.220	50.2
46.240	50.2
46.260	50.2
46.280	50.2
46.300	50.2
46.320	50.2
46.340	50.2
46.360	50.2
46.380	50.2
46.400	50.2
46.420	50.3
46.440	50.3
46.460	50.3
46.480	50.3
46.500	50.3
46.520	50.3
46.540	50.3
46.560	50.3
46.580	50.3
46.600	50.4
46.620	50.4
46.640	50.4
46.660	50.4
46.680	50.4
46.700	50.4
46.720	50.5
46.740	50.5
46.760	50.5
46.780	50.5
46.800	50.5
46.820	50.6
46.840	50.6
46.860	50.6
46.880	50.7
46.900	50.7
46.920	50.8
46.940	50.8
46.960	50.9
46.980	50.9
47.000	51.0
47.020	51.1
47.040	51.2
47.060	51.3
47.080	51.4
47.100	51.5
47.120	51.6
47.140	51.8
47.160	52.0
47.180	52.2
47.200	52.5
47.220	52.8
47.240	53.2
47.260	53.6
47.280	54.2
47.300	54.8
47.320	55.7
47.340	56.9
47.360	58.4
47.380	60.5
47.400	63.7
47.420	69.5
47.440	81.0
47.460	103.3
47.480	141.9
47.500	197.0
47.520	254.6
47.540	279.9
47.560	249.5
47.580	190.9
47.600	137.2
47.620	100.4
47.640	79.5
47.660	68.8
47.680	63.3
47.700	60.2
47.720	58.2
47.740	56.7
47.760	55.6
47.780	54.8
47.800	54.1
47.820	53.6
47.840	53.1
47.860	52.7
47.880	52.4
47.900	52.2
47.920	52.0
47.940	51.8
47.960	51.6
47.980	51.5
48.000	51.4
48.020	51.3
48.040	51.2
48.060	51.1
48.080	51.0
48.100	50.9
48.120	50.9
48.140	50.8
48.160	50.8
48.180	50.7
48.200	50.7
48.220	50.6
48.240	50.6
48.260	50.6
48.280	50.5
48.300	50.5
48.320	50.5
48.340	50.5
48.360	50.4
48.380	50.4
48.400	50.4
48.420	50.4
48.440	50.4
48.460	50.4
48.480	50.3
48.500	50.3
48.520	50.3
48.540	50.3
48.560	50.3
48.580	50.3
48.600	50.3
48.620	50.3
48.640	50.3
48.660	50.3
48.680	50.2
48.700	50.2
48.720	50.2
48.740	50.2
48.760	50.2
48.780	50.2
48.800	50.2
48.820	50.2
48.840	50.2
48.860	50.2
48.880	50.2
48.900	50.2
48.920	50.2
48.940	50.2
48.960	50.2
48.980	50.2
49.000	50.2
49.020	50.2
49.040	50.2
49.060	50.1
49.080	50.1
49.100	50.1
49.120	50.1
49.140	50.1
49.160	50.1
49.180	50.1
49.200	50.1
49.220	50.1
49.240	50.1
49.260	50.1
49.280	50.1
49.300	50.1
49.320	50.1
49.340	50.1
49.360	50.1
49.380	50.1
49.400	50.1
49.420	50.1
49.440	50.1
49.460	50.1
49.480	50.1
49.500	50.1
49.520	50.1
49.540	50.1
49.560	50.1
49.580	50.1
49.600	50.1
49.620	50.1
49.640	50.1
49.660	50.1
49.680	50.1
49.700	50.1
49.720	50.1
49.740	50.1
49.760	50.1
49.780	50.1
49.800	50.1
49.820	50.1
49.840	50.1
49.860	50.1
49.880	50.1
49.900	50.1
49.920	50.1
49.940	50.1
49.960	50.1
49.980	50.1
50.000	50.1
50.020	50.1
50.040	50.1
50.060	50.1
50.080	50.1
50.100	50.1
50.120	50.1
50.140	50.1
50.160	50.1
50.180	50.1
50.200	50.1
50.220	50.1
50.240	50.1
50.260	50.1
50.280	50.1
50.300	50.1
50.320	50.1
50.340	50.1
50.360	50.1
50.380	50.1
50.400	50.1
50.420	50.1
50.440	50.1
50.460	50.1
50.480	50.1
50.500	50.1
50.520	50.1
50.540	50.1
50.560	50.1
50.580	50.1
50.600	50.1
50.620	50.1
50.640	50.1
50.660	50.1
50.680	50.1
50.700	50.1
50.720	50.1
50.740	50.1
50.760	50.1
50.780	50.1
50.800	50.1
50.820	50.1
50.840	50.1
50.860	50.1
50.880	50.1
50.900	50.1
50.920	50.1
50.940	50.1
50.960	50.1
50.980	50.1
51.000	50.1
51.020	50.1
51.040	50.1
51.060	50.1
51.080	50.1
51.100	50.0
51.120	50.0
51.140	50.0
51.160	50.0
51.180	50.0
51.200	50.0
51.220	50.0
51.240	50.0
51.260	50.0
51.280	50.0
51.300	50.0
51.320	50.0
51.340	50.0
51.360	50.0
51.380	50.0
51.400	50.0
51.420	50.0
51.440	50.0
51.460	50.0
51.480	50.0
51.500	50.0
51.520	50.0
51.540	50.0
51.560	50.0
51.580	50.0
51.600	50.0
51.620	50.0
51.640	50.0
51.660	50.0
51.680	50.0
51.700	50.0
51.720	50.0
51.740	50.0
51.760	50.0
51.780	50.0
51.800	50.0
51.820	50.0
51.840	50.0
51.860	50.0
51.880	50.0
51.900	50.0
51.920	50.0
51.940	50.0
51.960	50.0
51.980	50.0
52.000	50.0
52.020	50.0
52.040	50.0
52.060	50.0
52.080	50.0
52.100	50.0
52.120	50.0
52.140	50.0
52.160	50.0
52.180	50.0
52.200	50.0
52.220	50.0
52.240	50.0
52.260	50.0
52.280	50.0
52.300	50.0
52.320	50.0
52.340	50.0
52.360	50.0
52.380	50.0
52.400	50.0
52.420	50.0
52.440	50.0
52.460	50.0
52.480	50.0
52.500	50.0
52.520	50.0
52.540	50.0
52.560	50.0
52.580	50.0
52.600	50.0
52.620	50.0
52.640	50.1
52.660	50.1
52.680	50.1
52.700	50.1
52.720	50.1
52.740	50.1
52.760	50.1
52.780	50.1
52.800	50.1
52.820	50.1
52.840	50.1
52.860	50.1
52.880	50.1
52.900	50.1
52.920	50.1
52.940	50.1
52.960	50.1
52.980	50.1
53.000	50.1
53.020	50.1
53.040	50.1
53.060	50.1
53.080	50.1
53.100	50.1
53.120	50.1
53.140	50.1
53.160	50.1
53.180	50.1
53.200	50.1
53.220	50.1
53.240	50.1
53.260	50.1
53.280	50.1
53.300	50.1
53.320	50.1
53.340	50.1
53.360	50.1
53.380	50.1
53.400	50.1
53.420	50.1
53.440	50.1
53.460	50.1
53.480	50.1
53.500	50.1
53.520	50.1
53.540	50.1
53.560	50.1
53.580	50.1
53.600	50.1
53.620	50.1
53.640	50.1
53.660	50.1
53.680	50.1
53.700	50.1
53.720	50.1
53.740	50.1
53.760	50.1
53.780	50.1
53.800	50.1
53.820	50.1
53.840	50.1
53.860	50.1
53.880	50.1
53.900	50.1
53.920	50.1
53.940	50.1
53.960	50.1
53.980	50.1
54.000	50.1
54.020	50.1
54.040	50.1
54.060	50.1
54.080	50.1
54.100	50.1
54.120	50.1
54.140	50.1
54.160	50.1
54.180	50.1
54.200	50.1
54.220	50.1
54.240	50.1
54.260	50.1
54.280	50.1
54.300	50.1
54.320	50.1
54.340	50.1
54.360	50.1
54.380	50.1
54.400	50.1
54.420	50.1
54.440	50.1
54.460	50.1
54.480	50.1
54.500	50.1
54.520	50.1
54.540	50.1
54.560	50.1
54.580	50.1
54.600	50.1
54.620	50.1
54.640	50.1
54.660	50.1
54.680	50.1
54.700	50.1
54.720	50.1
54.740	50.1
54.760	50.1
54.780	50.1
54.800	50.1
54.820	50.1
54.840	50.1
54.860	50.2
54.880	50.2
54.900	50.2
54.920	50.2
54.940	50.2
54.960	50.2
54.980	50.2
55.000	50.2
55.020	50.2
55.040	50.2
55.060	50.2
55.080	50.2
55.100	50.2
55.120	50.2
55.140	50.2
55.160	50.2
55.180	50.2
55.200	50.2
55.220	50.2
55.240	50.2
55.260	50.2
55.280	50.2
55.300	50.3
55.320	50.3
55.340	50.3
55.360	50.3
55.380	50.3
55.400	50.3
55.420	50.3
55.440	50.3
55.460	50.3
55.480	50.3
55.500	50.3
55.520	50.4
55.540	50.4
55.560	50.4
55.580	50.4
55.600	50.4
55.620	50.4
55.640	50.5
55.660	50.5
55.680	50.5
55.700	50.5
55.720	50.5
55.740	50.6
55.760	50.6
55.780	50.6
55.800	50.6
55.820	50.7
55.840	50.7
55.860	50.7
55.880	50.8
55.900	50.8
55.920	50.9
55.940	50.9
55.960	51.0
55.980	51.0
56.000	51.1
56.020	51.2
56.040	51.3
56.060	51.4
56.080	51.5
56.100	51.6
56.120	51.7
56.140	51.9
56.160	52.0
56.180	52.2
56.200	52.4
56.220	52.7
56.240	53.0
56.260	53.4
56.280	53.8
56.300	54.3
56.320	54.9
56.340	55.6
56.360	56.5
56.380	57.7
56.400	59.2
56.420	61.2
56.440	63.9
56.460	68.0
56.480	75.1
56.500	89.0
56.520	116.3
56.540	165.1
56.560	237.8
56.580	320.3
56.600	369.0
56.620	341.1
56.640	262.9
56.660	184.6
56.680	128.4
56.700	95.4
56.720	78.3
56.740	69.7
56.760	64.9
56.780	61.9
56.800	59.7
56.820	58.1
56.840	56.8
56.860	55.9
56.880	55.1
56.900	54.4
56.920	53.9
56.940	53.5
56.960	53.1
56.980	52.8
57.000	52.5
57.020	52.3
57.040	52.1
57.060	51.9
57.080	51.8
57.100	51.6
57.120	51.5
57.140	51.4
57.160	51.3
57.180	51.2
57.200	51.1
57.220	51.1
57.240	51.0
57.260	50.9
57.280	50.9
57.300	50.8
57.320	50.8
57.340	50.8
57.360	50.7
57.380	50.7
57.400	50.7
57.420	50.6
57.440	50.6
57.460	50.6
57.480	50.5
57.500	50.5
57.520	50.5
57.540	50.5
57.560	50.5
57.580	50.4
57.600	50.4
57.620	50.4
57.640	50.4
57.660	50.4
57.680	50.4
57.700	50.4
57.720	50.3
57.740	50.3
57.760	50.3
57.780	50.3
57.800	50.3
57.820	50.3
57.840	50.3
57.860	50.3
57.880	50.3
57.900	50.3
57.920	50.3
57.940	50.3
57.960	50.2
57.980	50.2
58.000	50.2
58.020	50.2
58.040	50.2
58.060	50.2
58.080	50.2
58.100	50.2
58.120	50.2
58.140	50.2
58.160	50.2
58.180	50.2
58.200	50.2
58.220	50.2
58.240	50.2
58.260	50.2
58.280	50.2
58.300	50.2
58.320	50.2
58.340	50.2
58.360	50.2
58.380	50.2
58.400	50.2
58.420	50.2
58.440	50.1
58.460	50.1
58.480	50.1
58.500	50.1
58.520	50.1
58.540	50.1
58.560	50.1
58.580	50.1
58.600	50.1
58.620	50.1
58.640	50.1
58.660	50.1
58.680	50.1
58.700	50.1
58.720	50.1
58.740	50.1
58.760	50.1
58.780	50.1
58.800	50.1
58.820	50.1
58.840	50.1
58.860	50.1
58.880	50.1
58.900	50.1
58.920	50.1
58.940	50.1
58.960	50.1
58.980	50.1
59.000	50.1
59.020	50.1
59.040	50.1
59.060	50.1
59.080	50.1
59.100	50.1
59.120	50.1
59.140	50.1
59.160	50.1
59.180	50.1
59.200	50.1
59.220	50.1
59.240	50.1
59.260	50.1
59.280	50.1
59.300	50.1
59.320	50.1
59.340	50.1
59.360	50.1
59.380	50.1
59.400	50.1
59.420	50.1
59.440	50.1
59.460	50.1
59.480	50.1
59.500	50.1
59.520	50.1
59.540	50.1
59.560	50.1
59.580	50.1
59.600	50.1
59.620	50.1
59.640	50.1
59.660	50.1
59.680	50.1
59.700	50.1
59.720	50.1
59.740	50.1
59.760	50.1
59.780	50.1
59.800	50.1
59.820	50.1
59.840	50.1
59.860	50.1
59.880	50.1
59.900	50.1
59.920	50.1
59.940	50.1
59.960	50.1
59.980	50.1
60.000	50.1
60.020	50.1
60.040	50.1
60.060	50.1
60.080	50.1
60.100	50.1
60.120	50.1
60.140	50.1
60.160	50.1
60.180	50.1
60.200	50.1
60.220	50.1
60.240	50.1
60.260	50.1
60.280	50.1
60.300	50.1
60.320	50.1
60.340	50.1
60.360	50.1
60.380	50.1
60.400	50.1
60.420	50.1
60.440	50.1
60.460	50.1
60.480	50.1
60.500	50.1
60.520	50.1
60.540	50.1
60.560	50.1
60.580	50.1
60.600	50.1
60.620	50.1
60.640	50.1
60.660	50.1
60.680	50.1
60.700	50.1
60.720	50.1
60.740	50.1
60.760	50.1
60.780	50.1
60.800	50.1
60.820	50.1
60.840	50.1
60.860	50.1
60.880	50.1
60.900	50.1
60.920	50.1
60.940	50.1
60.960	50.1
60.980	50.1
61.000	50.1
61.020	50.1
61.040	50.1
61.060	50.1
61.080	50.1
61.100	50.2
61.120	50.2
61.140	50.2
61.160	50.2
61.180	50.2
61.200	50.2
61.220	50.2
61.240	50.2
61.260	50.2
61.280	50.2
61.300	50.2
61.320	50.2
61.340	50.2
61.360	50.2
61.380	50.2
61.400	50.2
61.420	50.2
61.440	50.2
61.460	50.2
61.480	50.2
61.500	50.2
61.520	50.2
61.540	50.2
61.560	50.2
61.580	50.3
61.600	50.3
61.620	50.3
61.640	50.3
61.660	50.3
61.680	50.3
61.700	50.3
61.720	50.3
61.740	50.3
61.760	50.3
61.780	50.3
61.800	50.4
61.820	50.4
61.840	50.4
61.860	50.4
61.880	50.4
61.900	50.4
61.920	50.4
61.940	50.5
61.960	50.5
61.980	50.5
62.000	50.5
62.020	50.5
62.040	50.6
62.060	50.6
62.080	50.6
62.100	50.7
62.120	50.7
62.140	50.7
62.160	50.8
62.180	50.8
62.200	50.8
62.220	50.9
62.240	51.0
62.260	51.0
62.280	51.1
62.300	51.2
62.320	51.2
62.340	51.3
62.360	51.4
62.380	51.6
62.400	51.7
62.420	51.8
62.440	52.0
62.460	52.2
62.480	52.4
62.500	52.7
62.520	53.0
62.540	53.4
62.560	53.9
62.580	54.4
62.600	55.1
62.620	55.9
62.640	56.9
62.660	58.3
62.680	60.0
62.700	62.4
62.720	66.1
62.740	72.4
62.760	84.5
62.780	108.5
62.800	151.6
62.820	216.5
62.840	291.5
62.860	338.5
62.880	316.6
62.900	246.8
62.920	175.1
62.940	123.1
62.960	92.2
62.980	76.2
63.000	68.2
63.020	63.7
63.040	60.9
63.060	58.9
63.080	57.4
63.100	56.3
63.120	55.4
63.140	54.6
63.160	54.1
63.180	53.6
63.200	53.2
63.220	52.8
63.240	52.6
63.260	52.3
63.280	52.1
63.300	51.9
63.320	51.8
63.340	51.6
63.360	51.5
63.380	51.4
63.400	51.3
63.420	51.2
63.440	51.1
63.460	51.1
63.480	51.0
63.500	50.9
63.520	50.9
63.540	50.8
63.560	50.8
63.580	50.7
63.600	50.7
63.620	50.7
63.640	50.6
63.660	50.6
63.680	50.6
63.700	50.6
63.720	50.5
63.740	50.5
63.760	50.5
63.780	50.5
63.800	50.5
63.820	50.4
63.840	50.4
63.860	50.4
63.880	50.4
63.900	50.4
63.920	50.4
63.940	50.4
63.960	50.3
63.980	50.3
64.000	50.3
64.020	50.3
64.040	50.3
64.060	50.3
64.080	50.3
64.100	50.3
64.120	50.3
64.140	50.3
64.160	50.3
64.180	50.3
64.200	50.3
64.220	50.2
64.240	50.2
64.260	50.2
64.280	50.2
64.300	50.2
64.320	50.2
64.340	50.2
64.360	50.2
64.380	50.2
64.400	50.2
64.420	50.2
64.440	50.2
64.460	50.2
64.480	50.2
64.500	50.2
64.520	50.2
64.540	50.2
64.560	50.2
64.580	50.2
64.600	50.2
64.620	50.2
64.640	50.2
64.660	50.2
64.680	50.2
64.700	50.2
64.720	50.2
64.740	50.2
64.760	50.2
64.780	50.2
64.800	50.2
64.820	50.2
64.840	50.2
64.860	50.2
64.880	50.2
64.900	50.2
64.920	50.2
64.940	50.2
64.960	50.2
64.980	50.2
65.000	50.2
65.020	50.2
65.040	50.2
65.060	50.2
65.080	50.2
65.100	50.2
65.120	50.2
65.140	50.2
65.160	50.2
65.180	50.2
65.200	50.2
65.220	50.2
65.240	50.2
65.260	50.2
65.280	50.2
65.300	50.2
65.320	50.2
65.340	50.2
65.360	50.2
65.380	50.2
65.400	50.2
65.420	50.2
65.440	50.2
65.460	50.2
65.480	50.2
65.500	50.2
65.520	50.2
65.540	50.2
65.560	50.2
65.580	50.2
65.600	50.2
65.620	50.2
65.640	50.2
65.660	50.2
65.680	50.2
65.700	50.2
65.720	50.2
65.740	50.2
65.760	50.3
65.780	50.3
65.800	50.3
65.820	50.3
65.840	50.3
65.860	50.3
65.880	50.3
65.900	50.3
65.920	50.4
65.940	50.4
65.960	50.4
65.980	50.4
66.000	50.5
66.020	50.5
66.040	50.6
66.060	50.6
66.080	50.7
66.100	50.8
66.120	50.9
66.140	51.0
66.160	51.1
66.180	51.3
66.200	51.6
66.220	51.9
66.240	52.5
66.260	53.5
66.280	55.4
66.300	59.2
66.320	65.7
66.340	75.2
66.360	85.3
66.380	90.2
66.400	85.3
66.420	75.2
66.440	65.7
66.460	59.2
66.480	55.4
66.500	53.5
66.520	52.5
66.540	52.0
66.560	51.6
66.580	51.4
66.600	51.2
66.620	51.0
66.640	50.9
66.660	50.8
66.680	50.8
66.700	50.7
66.720	50.7
66.740	50.6
66.760	50.6
66.780	50.6
66.800	50.6
66.820	50.5
66.840	50.5
66.860	50.5
66.880	50.5
66.900	50.5
66.920	50.5
66.940	50.5
66.960	50.5
66.980	50.5
67.000	50.5
67.020	50.5
67.040	50.5
67.060	50.5
67.080	50.5
67.100	50.5
67.120	50.6
67.140	50.6
67.160	50.6
67.180	50.6
67.200	50.6
67.220	50.7
67.240	50.7
67.260	50.7
67.280	50.7
67.300	50.8
67.320	50.8
67.340	50.9
67.360	50.9
67.380	51.0
67.400	51.0
67.420	51.1
67.440	51.2
67.460	51.3
67.480	51.3
67.500	51.5
67.520	51.6
67.540	51.7
67.560	51.9
67.580	52.1
67.600	52.3
67.620	52.5
67.640	52.8
67.660	53.2
67.680	53.7
67.700	54.2
67.720	54.9
67.740	55.7
67.760	56.8
67.780	58.3
67.800	60.3
67.820	63.4
67.840	68.9
67.860	79.6
67.880	100.5
67.900	137.3
67.920	191.1
67.940	249.7
67.960	280.1
67.980	254.7
68.000	197.1
68.020	142.0
68.040	103.4
68.060	81.1
68.080	69.7
68.100	63.9
68.120	60.6
68.140	58.5
68.160	57.0
68.180	55.9
68.200	55.0
68.220	54.3
68.240	53.8
68.260	53.4
68.280	53.0
68.300	52.7
68.320	52.4
68.340	52.2
68.360	52.1
68.380	51.9
68.400	51.8
68.420	51.7
68.440	51.6
68.460	51.5
68.480	51.4
68.500	51.4
68.520	51.3
68.540	51.3
68.560	51.3
68.580	51.3
68.600	51.3
68.620	51.3
68.640	51.3
68.660	51.3
68.680	51.4
68.700	51.4
68.720	51.5
68.740	51.5
68.760	51.6
68.780	51.8
68.800	51.9
68.820	52.1
68.840	52.4
68.860	52.7
68.880	53.1
68.900	53.6
68.920	54.3
68.940	55.3
68.960	56.8
68.980	59.5
69.000	64.7
69.020	75.1
69.040	93.1
69.060	119.1
69.080	146.9
69.100	160.2
69.120	146.9
69.140	119.1
69.160	93.0
69.180	75.0
69.200	64.6
69.220	59.4
69.240	56.7
69.260	55.1
69.280	54.1
69.300	53.4
69.320	52.9
69.340	52.5
69.360	52.1
69.380	51.9
69.400	51.6
69.420	51.5
69.440	51.3
69.460	51.2
69.480	51.1
69.500	51.0
69.520	50.9
69.540	50.8
69.560	50.8
69.580	50.7
69.600	50.7
69.620	50.6
69.640	50.6
69.660	50.6
69.680	50.5
69.700	50.5
69.720	50.5
69.740	50.4
69.760	50.4
69.780	50.4
69.800	50.4
69.820	50.4
69.840	50.4
69.860	50.3
69.880	50.3
69.900	50.3
69.920	50.3
69.940	50.3
69.960	50.3
69.980	50.3
70.000	50.3
70.020	50.3
70.040	50.2
70.060	50.2
70.080	50.2
70.100	50.2
70.120	50.2
70.140	50.2
70.160	50.2
70.180	50.2
70.200	50.2
70.220	50.2
70.240	50.2
70.260	50.2
70.280	50.2
70.300	50.2
70.320	50.2
70.340	50.2
70.360	50.2
70.380	50.2
70.400	50.2
70.420	50.1
70.440	50.1
70.460	50.1
70.480	50.1
70.500	50.1
70.520	50.1
70.540	50.1
70.560	50.1
70.580	50.1
70.600	50.1
70.620	50.1
70.640	50.1
70.660	50.1
70.680	50.1
70.700	50.1
70.720	50.1
70.740	50.1
70.760	50.1
70.780	50.1
70.800	50.1
70.820	50.1
70.840	50.1
70.860	50.1
70.880	50.1
70.900	50.1
70.920	50.1
70.940	50.1
70.960	50.1
70.980	50.1
71.000	50.1
71.020	50.1
71.040	50.1
71.060	50.1
71.080	50.1
71.100	50.1
71.120	50.1
71.140	50.1
71.160	50.1
71.180	50.1
71.200	50.1
71.220	50.1
71.240	50.1
71.260	50.1
71.280	50.1
71.300	50.1
71.320	50.1
71.340	50.1
71.360	50.1
71.380	50.1
71.400	50.1
71.420	50.1
71.440	50.1
71.460	50.1
71.480	50.1
71.500	50.1
71.520	50.1
71.540	50.1
71.560	50.1
71.580	50.1
71.600	50.1
71.620	50.1
71.640	50.1
71.660	50.1
71.680	50.1
71.700	50.1
71.720	50.1
71.740	50.1
71.760	50.1
71.780	50.1
71.800	50.1
71.820	50.1
71.840	50.1
71.860	50.1
71.880	50.1
71.900	50.1
71.920	50.1
71.940	50.1
71.960	50.1
71.980	50.1
72.000	50.1
72.020	50.1
72.040	50.1
72.060	50.1
72.080	50.2
72.100	50.2
72.120	50.2
72.140	50.2
72.160	50.2
72.180	50.2
72.200	50.2
72.220	50.3
72.240	50.3
72.260	50.3
72.280	50.3
72.300	50.4
72.320	50.4
72.340	50.5
72.360	50.6
72.380	50.7
72.400	50.9
72.420	51.2
72.440	51.6
72.460	52.5
72.480	54.3
72.500	57.4
72.520	62.0
72.540	67.2
72.560	70.0
72.580	68.0
72.600	63.1
72.620	58.2
72.640	54.8
72.660	52.8
72.680	51.8
72.700	51.2
72.720	51.0
72.740	50.8
72.760	50.6
72.780	50.5
72.800	50.5
72.820	50.4
72.840	50.3
72.860	50.3
72.880	50.3
72.900	50.2
72.920	50.2
72.940	50.2
72.960	50.2
72.980	50.2
73.000	50.2
73.020	50.1
73.040	50.1
73.060	50.1
73.080	50.1
73.100	50.1
73.120	50.1
73.140	50.1
73.160	50.1
73.180	50.1
73.200	50.1
73.220	50.1
73.240	50.1
73.260	50.1
73.280	50.1
73.300	50.1
73.320	50.1
73.340	50.1
73.360	50.1
73.380	50.1
73.400	50.1
73.420	50.1
73.440	50.1
73.460	50.1
73.480	50.1
73.500	50.1
73.520	50.1
73.540	50.1
73.560	50.1
73.580	50.1
73.600	50.1
73.620	50.1
73.640	50.0
73.660	50.0
73.680	50.0
73.700	50.0
73.720	50.0
73.740	50.0
73.760	50.0
73.780	50.0
73.800	50.0
73.820	50.0
73.840	50.0
73.860	50.0
73.880	50.0
73.900	50.0
73.920	50.0
73.940	50.0
73.960	50.0
73.980	50.0
74.000	50.0
74.020	50.0
74.040	50.0
74.060	50.0
74.080	50.0
74.100	50.0
74.120	50.0
74.140	50.0
74.160	50.0
74.180	50.0
74.200	50.0
74.220	50.0
74.240	50.0
74.260	50.0
74.280	50.0
74.300	50.0
74.320	50.0
74.340	50.0
74.360	50.0
74.380	50.0
74.400	50.0
74.420	50.0
74.440	50.0
74.460	50.0
74.480	50.0
74.500	50.0
74.520	50.0
74.540	50.0
74.560	50.0
74.580	50.0
74.600	50.0
74.620	50.0
74.640	50.0
74.660	50.0
74.680	50.0
74.700	50.0
74.720	50.0
74.740	50.0
74.760	50.0
74.780	50.0
74.800	50.0
74.820	50.0
74.840	50.0
74.860	50.0
74.880	50.0
74.900	50.0
74.920	50.0
74.940	50.0
74.960	50.0
74.980	50.0
75.000	50.0
75.020	50.0
75.040	50.0
75.060	50.0
75.080	50.0
75.100	50.0
75.120	50.0
75.140	50.0
75.160	50.0
75.180	50.0
75.200	50.0
75.220	50.0
75.240	50.0
75.260	50.0
75.280	50.0
75.300	50.0
75.320	50.0
75.340	50.0
75.360	50.0
75.380	50.0
75.400	50.0
75.420	50.0
75.440	50.0
75.460	50.0
75.480	50.0
75.500	50.0
75.520	50.0
75.540	50.0
75.560	50.0
75.580	50.0
75.600	50.0
75.620	50.0
75.640	50.0
75.660	50.0
75.680	50.0
75.700	50.0
75.720	50.0
75.740	50.0
75.760	50.1
75.780	50.1
75.800	50.1
75.820	50.1
75.840	50.1
75.860	50.1
75.880	50.1
75.900	50.1
75.920	50.1
75.940	50.1
75.960	50.1
75.980	50.1
76.000	50.1
76.020	50.1
76.040	50.1
76.060	50.1
76.080	50.1
76.100	50.1
76.120	50.1
76.140	50.1
76.160	50.1
76.180	50.1
76.200	50.1
76.220	50.1
76.240	50.1
76.260	50.1
76.280	50.1
76.300	50.1
76.320	50.1
76.340	50.1
76.360	50.2
76.380	50.2
76.400	50.2
76.420	50.2
76.440	50.2
76.460	50.2
76.480	50.2
76.500	50.3
76.520	50.3
76.540	50.3
76.560	50.3
76.580	50.4
76.600	50.4
76.620	50.5
76.640	50.5
76.660	50.6
76.680	50.7
76.700	50.8
76.720	50.9
76.740	51.0
76.760	51.3
76.780	51.5
76.800	51.9
76.820	52.6
76.840	53.8
76.860	56.1
76.880	60.7
76.900	68.2
76.920	78.2
76.940	87.5
76.960	89.5
76.980	82.3
77.000	72.0
77.020	63.3
77.040	57.6
77.060	54.5
77.080	53.0
77.100	52.2
77.120	51.7
77.140	51.4
77.160	51.1
77.180	50.9
77.200	50.8
77.220	50.7
77.240	50.6
77.260	50.5
77.280	50.5
77.300	50.4
77.320	50.4
77.340	50.3
77.360	50.3
77.380	50.3
77.400	50.3
77.420	50.2
77.440	50.2
77.460	50.2
77.480	50.2
77.500	50.2
77.520	50.2
77.540	50.2
77.560	50.1
77.580	50.1
77.600	50.1
77.620	50.1
77.640	50.1
77.660	50.1
77.680	50.1
77.700	50.1
77.720	50.1
77.740	50.1
77.760	50.1
77.780	50.1
77.800	50.1
77.820	50.1
77.840	50.1
77.860	50.1
77.880	50.1
77.900	50.1
77.920	50.1
77.940	50.1
77.960	50.1
77.980	50.1
78.000	50.1
78.020	50.1
78.040	50.1
78.060	50.1
78.080	50.0
78.100	50.0
78.120	50.0
78.140	50.0
78.160	50.0
78.180	50.0
78.200	50.0
78.220	50.0
78.240	50.0
78.260	50.0
78.280	50.0
78.300	50.0
78.320	50.0
78.340	50.0
78.360	50.0
78.380	50.0
78.400	50.0
78.420	50.0
78.440	50.0
78.460	50.0
78.480	50.0
78.500	50.0
78.520	50.0
78.540	50.0
78.560	50.0
78.580	50.0
78.600	50.0
78.620	50.0
78.640	50.0
78.660	50.0
78.680	50.0
78.700	50.0
78.720	50.0
78.740	50.0
78.760	50.0
78.780	50.0
78.800	50.0
78.820	50.0
78.840	50.0
78.860	50.0
78.880	50.0
78.900	50.0
78.920	50.0
78.940	50.0
78.960	50.0
78.980	50.0
79.000	50.0
79.020	50.0
79.040	50.0
79.060	50.0
79.080	50.0
79.100	50.0
79.120	50.0
79.140	50.0
79.160	50.0
79.180	50.0
79.200	50.0
79.220	50.0
79.240	50.0
79.260	50.0
79.280	50.0
79.300	50.0
79.320	50.0
79.340	50.0
79.360	50.0
79.380	50.0
79.400	50.0
79.420	50.0
79.440	50.0
79.460	50.0
79.480	50.0
79.500	50.0
79.520	50.0
79.540	50.0
79.560	50.0
79.580	50.0
79.600	50.0
79.620	50.0
79.640	50.0
79.660	50.0
79.680	50.0
79.700	50.0
79.720	50.0
79.740	50.0
79.760	50.0
79.780	50.0
79.800	50.0
79.820	50.0
79.840	50.0
79.860	50.0
79.880	50.0
79.900	50.0
79.920	50.0
79.940	50.0
79.960	50.0
79.980	50.0
80.000	50.0
