5.000	50.0
5.020	50.0
5.040	50.0
5.060	50.0
5.080	50.0
5.100	50.0
5.120	50.0
5.140	50.0
5.160	50.0
5.180	50.0
5.200	50.0
5.220	50.0
5.240	50.0
5.260	50.0
5.280	50.0
5.300	50.0
5.320	50.0
5.340	50.0
5.360	50.0
5.380	50.0
5.400	50.0
5.420	50.0
5.440	50.0
5.460	50.0
5.480	50.0
5.500	50.0
5.520	50.0
5.540	50.0
5.560	50.0
5.580	50.0
5.600	50.0
5.620	50.0
5.640	50.0
5.660	50.0
5.680	50.0
5.700	50.0
5.720	50.0
5.740	50.0
5.760	50.0
5.780	50.0
5.800	50.0
5.820	50.0
5.840	50.0
5.860	50.0
5.880	50.0
5.900	50.0
5.920	50.0
5.940	50.0
5.960	50.0
5.980	50.0
6.000	50.0
6.020	50.0
6.040	50.0
6.060	50.0
6.080	50.0
6.100	50.0
6.120	50.0
6.140	50.0
6.160	50.0
6.180	50.0
6.200	50.0
6.220	50.0
6.240	50.0
6.260	50.0
6.280	50.0
6.300	50.0
6.320	50.0
6.340	50.0
6.360	50.0
6.380	50.0
6.400	50.0
6.420	50.0
6.440	50.0
6.460	50.0
6.480	50.0
6.500	50.0
6.520	50.0
6.540	50.0
6.560	50.0
6.580	50.0
6.600	50.0
6.620	50.0
6.640	50.0
6.660	50.0
6.680	50.0
6.700	50.0
6.720	50.0
6.740	50.0
6.760	50.0
6.780	50.0
6.800	50.0
6.820	50.0
6.840	50.0
6.860	50.0
6.880	50.0
6.900	50.0
6.920	50.0
6.940	50.0
6.960	50.0
6.980	50.0
7.000	50.0
7.020	50.0
7.040	50.0
7.060	50.0
7.080	50.0
7.100	50.0
7.120	50.0
7.140	50.0
7.160	50.0
7.180	50.0
7.200	50.0
7.220	50.0
7.240	50.0
7.260	50.0
7.280	50.0
7.300	50.0
7.320	50.0
7.340	50.0
7.360	50.0
7.380	50.0
7.400	50.0
7.420	50.0
7.440	50.0
7.460	50.0
7.480	50.0
7.500	50.0
7.520	50.0
7.540	50.0
7.560	50.0
7.580	50.0
7.600	50.0
7.620	50.0
7.640	50.0
7.660	50.0
7.680	50.0
7.700	50.0
7.720	50.0
7.740	50.0
7.760	50.0
7.780	50.0
7.800	50.0
7.820	50.0
7.840	50.0
7.860	50.0
7.880	50.0
7.900	50.0
7.920	50.0
7.940	50.0
7.960	50.0
7.980	50.0
8.000	50.0
8.020	50.0
8.040	50.0
8.060	50.0
8.080	50.0
8.100	50.0
8.120	50.0
8.140	50.0
8.160	50.0
8.180	50.0
8.200	50.0
8.220	50.0
8.240	50.0
8.260	50.0
8.280	50.0
8.300	50.0
8.320	50.0
8.340	50.0
8.360	50.0
8.380	50.0
8.400	50.0
8.420	50.0
8.440	50.0
8.460	50.0
8.480	50.0
8.500	50.0
8.520	50.0
8.540	50.0
8.560	50.0
8.580	50.0
8.600	50.0
8.620	50.0
8.640	50.0
8.660	50.0
8.680	50.0
8.700	50.0
8.720	50.0
8.740	50.0
8.760	50.0
8.780	50.0
8.800	50.0
8.820	50.0
8.840	50.0
8.860	50.0
8.880	50.0
8.900	50.0
8.920	50.0
8.940	50.0
8.960	50.0
8.980	50.0
9.000	50.0
9.020	50.0
9.040	50.0
9.060	50.0
9.080	50.0
9.100	50.0
9.120	50.0
9.140	50.0
9.160	50.0
9.180	50.0
9.200	50.0
9.220	50.0
9.240	50.0
9.260	50.0
9.280	50.0
9.300	50.0
9.320	50.0
9.340	50.0
9.360	50.0
9.380	50.0
9.400	50.0
9.420	50.0
9.440	50.0
9.460	50.0
9.480	50.0
9.500	50.0
9.520	50.0
9.540	50.0
9.560	50.0
9.580	50.0
9.600	50.0
9.620	50.0
9.640	50.0
9.660	50.0
9.680	50.0
9.700	50.0
9.720	50.0
9.740	50.0
9.760	50.0
9.780	50.0
9.800	50.0
9.820	50.0
9.840	50.0
9.860	50.0
9.880	50.0
9.900	50.0
9.920	50.0
9.940	50.0
9.960	50.0
9.980	50.0
10.000	50.0
10.020	50.0
10.040	50.0
10.060	50.0
10.080	50.0
10.100	50.0
10.120	50.0
10.140	50.0
10.160	50.0
10.180	50.0
10.200	50.0
10.220	50.0
10.240	50.0
10.260	50.0
10.280	50.0
10.300	50.0
10.320	50.0
10.340	50.0
10.360	50.0
10.380	50.0
10.400	50.0
10.420	50.0
10.440	50.0
10.460	50.0
10.480	50.0
10.500	50.0
10.520	50.0
10.540	50.0
10.560	50.0
10.580	50.0
10.600	50.0
10.620	50.0
10.640	50.0
10.660	50.0
10.680	50.0
10.700	50.0
10.720	50.0
10.740	50.0
10.760	50.0
10.780	50.0
10.800	50.0
10.820	50.0
10.840	50.0
10.860	50.0
10.880	50.0
10.900	50.0
10.920	50.0
10.940	50.0
10.960	50.0
10.980	50.0
11.000	50.0
11.020	50.0
11.040	50.0
11.060	50.0
11.080	50.0
11.100	50.0
11.120	50.0
11.140	50.0
11.160	50.0
11.180	50.0
11.200	50.0
11.220	50.0
11.240	50.0
11.260	50.0
11.280	50.0
11.300	50.0
11.320	50.0
11.340	50.0
11.360	50.0
11.380	50.0
11.400	50.0
11.420	50.0
11.440	50.0
11.460	50.0
11.480	50.0
11.500	50.0
11.520	50.0
11.540	50.0
11.560	50.0
11.580	50.0
11.600	50.0
11.620	50.0
11.640	50.0
11.660	50.0
11.680	50.0
11.700	50.0
11.720	50.0
11.740	50.0
11.760	50.0
11.780	50.0
11.800	50.0
11.820	50.0
11.840	50.0
11.860	50.0
11.880	50.0
11.900	50.0
11.920	50.0
11.940	50.0
11.960	50.0
11.980	50.0
12.000	50.0
12.020	50.0
12.040	50.0
12.060	50.0
12.080	50.0
12.100	50.0
12.120	50.0
12.140	50.0
12.160	50.0
12.180	50.0
12.200	50.0
12.220	50.0
12.240	50.0
12.260	50.0
12.280	50.0
12.300	50.0
12.320	50.0
12.340	50.0
12.360	50.0
12.380	50.0
12.400	50.0
12.420	50.0
12.440	50.0
12.460	50.0
12.480	50.0
12.500	50.0
12.520	50.0
12.540	50.0
12.560	50.0
12.580	50.0
12.600	50.0
12.620	50.0
12.640	50.0
12.660	50.0
12.680	50.0
12.700	50.0
12.720	50.0
12.740	50.0
12.760	50.0
12.780	50.0
12.800	50.0
12.820	50.0
12.840	50.0
12.860	50.0
12.880	50.0
12.900	50.0
12.920	50.0
12.940	50.0
12.960	50.0
12.980	50.0
13.000	50.0
13.020	50.0
13.040	50.0
13.060	50.0
13.080	50.0
13.100	50.0
13.120	50.0
13.140	50.0
13.160	50.0
13.180	50.0
13.200	50.0
13.220	50.0
13.240	50.0
13.260	50.0
13.280	50.0
13.300	50.0
13.320	50.0
13.340	50.0
13.360	50.0
13.380	50.0
13.400	50.0
13.420	50.0
13.440	50.0
13.460	50.0
13.480	50.0
13.500	50.0
13.520	50.0
13.540	50.0
13.560	50.0
13.580	50.0
13.600	50.0
13.620	50.0
13.640	50.0
13.660	50.0
13.680	50.0
13.700	50.0
13.720	50.0
13.740	50.0
13.760	50.0
13.780	50.0
13.800	50.0
13.820	50.0
13.840	50.0
13.860	50.0
13.880	50.0
13.900	50.0
13.920	50.0
13.940	50.0
13.960	50.0
13.980	50.0
14.000	50.0
14.020	50.0
14.040	50.0
14.060	50.0
14.080	50.0
14.100	50.0
14.120	50.0
14.140	50.0
14.160	50.0
14.180	50.0
14.200	50.0
14.220	50.0
14.240	50.0
14.260	50.0
14.280	50.0
14.300	50.0
14.320	50.0
14.340	50.0
14.360	50.0
14.380	50.0
14.400	50.0
14.420	50.0
14.440	50.0
14.460	50.0
14.480	50.0
14.500	50.0
14.520	50.0
14.540	50.0
14.560	50.0
14.580	50.0
14.600	50.0
14.620	50.0
14.640	50.0
14.660	50.0
14.680	50.0
14.700	50.0
14.720	50.0
14.740	50.0
14.760	50.0
14.780	50.0
14.800	50.0
14.820	50.0
14.840	50.0
14.860	50.0
14.880	50.0
14.900	50.0
14.920	50.0
14.940	50.0
14.960	50.0
14.980	50.0
15.000	50.0
15.020	50.0
15.040	50.0
15.060	50.0
15.080	50.0
15.100	50.0
15.120	50.0
15.140	50.0
15.160	50.0
15.180	50.0
15.200	50.0
15.220	50.0
15.240	50.0
15.260	50.0
15.280	50.0
15.300	50.0
15.320	50.0
15.340	50.0
15.360	50.0
15.380	50.0
15.400	50.0
15.420	50.0
15.440	50.0
15.460	50.0
15.480	50.0
15.500	50.0
15.520	50.0
15.540	50.0
15.560	50.0
15.580	50.0
15.600	50.0
15.620	50.0
15.640	50.0
15.660	50.0
15.680	50.0
15.700	50.0
15.720	50.0
15.740	50.0
15.760	50.0
15.780	50.0
15.800	50.0
15.820	50.0
15.840	50.0
15.860	50.0
15.880	50.0
15.900	50.0
15.920	50.0
15.940	50.0
15.960	50.0
15.980	50.0
16.000	50.0
16.020	50.0
16.040	50.0
16.060	50.0
16.080	50.0
16.100	50.0
16.120	50.0
16.140	50.0
16.160	50.0
16.180	50.0
16.200	50.0
16.220	50.0
16.240	50.0
16.260	50.0
16.280	50.0
16.300	50.0
16.320	50.0
16.340	50.0
16.360	50.0
16.380	50.0
16.400	50.0
16.420	50.0
16.440	50.0
16.460	50.0
16.480	50.0
16.500	50.0
16.520	50.0
16.540	50.0
16.560	50.0
16.580	50.0
16.600	50.0
16.620	50.0
16.640	50.0
16.660	50.0
16.680	50.0
16.700	50.0
16.720	50.0
16.740	50.0
16.760	50.0
16.780	50.0
16.800	50.0
16.820	50.0
16.840	50.0
16.860	50.0
16.880	50.0
16.900	50.0
16.920	50.0
16.940	50.0
16.960	50.0
16.980	50.0
17.000	50.0
17.020	50.0
17.040	50.0
17.060	50.0
17.080	50.0
17.100	50.0
17.120	50.0
17.140	50.0
17.160	50.0
17.180	50.0
17.200	50.0
17.220	50.0
17.240	50.0
17.260	50.0
17.280	50.0
17.300	50.0
17.320	50.0
17.340	50.0
17.360	50.0
17.380	50.0
17.400	50.0
17.420	50.0
17.440	50.0
17.460	50.0
17.480	50.0
17.500	50.0
17.520	50.0
17.540	50.0
17.560	50.0
17.580	50.0
17.600	50.0
17.620	50.0
17.640	50.0
17.660	50.0
17.680	50.0
17.700	50.0
17.720	50.0
17.740	50.0
17.760	50.0
17.780	50.0
17.800	50.0
17.820	50.0
17.840	50.0
17.860	50.0
17.880	50.0
17.900	50.0
17.920	50.0
17.940	50.0
17.960	50.0
17.980	50.0
18.000	50.0
18.020	50.0
18.040	50.0
18.060	50.0
18.080	50.0
18.100	50.0
18.120	50.0
18.140	50.0
18.160	50.0
18.180	50.0
18.200	50.0
18.220	50.0
18.240	50.0
18.260	50.0
18.280	50.0
18.300	50.0
18.320	50.0
18.340	50.0
18.360	50.0
18.380	50.0
18.400	50.0
18.420	50.0
18.440	50.0
18.460	50.0
18.480	50.0
18.500	50.0
18.520	50.0
18.540	50.0
18.560	50.0
18.580	50.0
18.600	50.0
18.620	50.0
18.640	50.0
18.660	50.0
18.680	50.0
18.700	50.0
18.720	50.0
18.740	50.0
18.760	50.0
18.780	50.0
18.800	50.0
18.820	50.0
18.840	50.0
18.860	50.0
18.880	50.0
18.900	50.0
18.920	50.0
18.940	50.0
18.960	50.0
18.980	50.0
19.000	50.0
19.020	50.0
19.040	50.0
19.060	50.0
19.080	50.0
19.100	50.0
19.120	50.0
19.140	50.0
19.160	50.0
19.180	50.0
19.200	50.0
19.220	50.0
19.240	50.0
19.260	50.0
19.280	50.0
19.300	50.0
19.320	50.0
19.340	50.0
19.360	50.0
19.380	50.0
19.400	50.0
19.420	50.0
19.440	50.0
19.460	50.0
19.480	50.0
19.500	50.0
19.520	50.0
19.540	50.0
19.560	50.0
19.580	50.0
19.600	50.0
19.620	50.0
19.640	50.0
19.660	50.0
19.680	50.0
19.700	50.0
19.720	50.0
19.740	50.0
19.760	50.0
19.780	50.0
19.800	50.0
19.820	50.0
19.840	50.0
19.860	50.0
19.880	50.0
19.900	50.0
19.920	50.0
19.940	50.0
19.960	50.0
19.980	50.0
20.000	50.0
20.020	50.0
20.040	50.0
20.060	50.0
20.080	50.0
20.100	50.0
20.120	50.0
20.140	50.0
20.160	50.1
20.180	50.1
20.200	50.1
20.220	50.1
20.240	50.1
20.260	50.1
20.280	50.1
20.300	50.1
20.320	50.1
20.340	50.1
20.360	50.1
20.380	50.1
20.400	50.1
20.420	50.1
20.440	50.1
20.460	50.1
20.480	50.1
20.500	50.1
20.520	50.1
20.540	50.1
20.560	50.1
20.580	50.1
20.600	50.1
20.620	50.1
20.640	50.1
20.660	50.1
20.680	50.1
20.700	50.1
20.720	50.1
20.740	50.1
20.760	50.1
20.780	50.1
20.800	50.1
20.820	50.1
20.840	50.1
20.860	50.1
20.880	50.1
20.900	50.1
20.920	50.1
20.940	50.1
20.960	50.1
20.980	50.1
21.000	50.1
21.020	50.1
21.040	50.1
21.060	50.1
21.080	50.1
21.100	50.1
21.120	50.1
21.140	50.1
21.160	50.1
21.180	50.1
21.200	50.1
21.220	50.1
21.240	50.1
21.260	50.1
21.280	50.1
21.300	50.1
21.320	50.1
21.340	50.1
21.360	50.1
21.380	50.1
21.400	50.1
21.420	50.1
21.440	50.1
21.460	50.1
21.480	50.1
21.500	50.1
21.520	50.1
21.540	50.1
21.560	50.1
21.580	50.1
21.600	50.1
21.620	50.1
21.640	50.1
21.660	50.1
21.680	50.1
21.700	50.1
21.720	50.1
21.740	50.1
21.760	50.1
21.780	50.1
21.800	50.1
21.820	50.1
21.840	50.1
21.860	50.1
21.880	50.1
21.900	50.1
21.920	50.1
21.940	50.1
21.960	50.1
21.980	50.1
22.000	50.1
22.020	50.1
22.040	50.1
22.060	50.1
22.080	50.1
22.100	50.1
22.120	50.1
22.140	50.1
22.160	50.1
22.180	50.1
22.200	50.1
22.220	50.1
22.240	50.1
22.260	50.1
22.280	50.1
22.300	50.1
22.320	50.1
22.340	50.1
22.360	50.1
22.380	50.2
22.400	50.2
22.420	50.2
22.440	50.2
22.460	50.2
22.480	50.2
22.500	50.2
22.520	50.2
22.540	50.2
22.560	50.2
22.580	50.2
22.600	50.2
22.620	50.2
22.640	50.2
22.660	50.2
22.680	50.2
22.700	50.2
22.720	50.2
22.740	50.2
22.760	50.2
22.780	50.2
22.800	50.2
22.820	50.2
22.840	50.2
22.860	50.2
22.880	50.2
22.900	50.2
22.920	50.2
22.940	50.2
22.960	50.2
22.980	50.2
23.000	50.2
23.020	50.2
23.040	50.3
23.060	50.3
23.080	50.3
23.100	50.3
23.120	50.3
23.140	50.3
23.160	50.3
23.180	50.3
23.200	50.3
23.220	50.3
23.240	50.3
23.260	50.3
23.280	50.3
23.300	50.3
23.320	50.3
23.340	50.3
23.360	50.3
23.380	50.3
23.400	50.4
23.420	50.4
23.440	50.4
23.460	50.4
23.480	50.4
23.500	50.4
23.520	50.4
23.540	50.4
23.560	50.4
23.580	50.4
23.600	50.4
23.620	50.5
23.640	50.5
23.660	50.5
23.680	50.5
23.700	50.5
23.720	50.5
23.740	50.5
23.760	50.5
23.780	50.6
23.800	50.6
23.820	50.6
23.840	50.6
23.860	50.6
23.880	50.6
23.900	50.7
23.920	50.7
23.940	50.7
23.960	50.7
23.980	50.7
24.000	50.8
24.020	50.8
24.040	50.8
24.060	50.8
24.080	50.9
24.100	50.9
24.120	50.9
24.140	51.0
24.160	51.0
24.180	51.0
24.200	51.1
24.220	51.1
24.240	51.2
24.260	51.2
24.280	51.2
24.300	51.3
24.320	51.4
24.340	51.4
24.360	51.5
24.380	51.5
24.400	51.6
24.420	51.7
24.440	51.8
24.460	51.9
24.480	51.9
24.500	52.0
24.520	52.2
24.540	52.3
24.560	52.4
24.580	52.5
24.600	52.7
24.620	52.8
24.640	53.0
24.660	53.2
24.680	53.4
24.700	53.7
24.720	53.9
24.740	54.2
24.760	54.6
24.780	54.9
24.800	55.3
24.820	55.8
24.840	56.4
24.860	57.0
24.880	57.7
24.900	58.5
24.920	59.4
24.940	60.5
24.960	61.8
24.980	63.4
25.000	65.3
25.020	67.7
25.040	70.6
25.060	74.4
25.080	79.1
25.100	85.5
25.120	94.4
25.140	107.9
25.160	131.6
25.180	178.0
25.200	269.0
25.220	429.1
25.240	662.7
25.260	917.5
25.280	1049.7
25.300	939.3
25.320	688.8
25.340	449.5
25.360	281.6
25.380	184.6
25.400	134.9
25.420	109.6
25.440	95.5
25.460	86.3
25.480	79.7
25.500	74.8
25.520	71.0
25.540	68.0
25.560	65.6
25.580	63.6
25.600	62.0
25.620	60.7
25.640	59.5
25.660	58.6
25.680	57.7
25.700	57.0
25.720	56.4
25.740	55.9
25.760	55.4
25.780	55.0
25.800	54.6
25.820	54.3
25.840	54.0
25.860	53.7
25.880	53.5
25.900	53.2
25.920	53.0
25.940	52.9
25.960	52.7
25.980	52.6
26.000	52.4
26.020	52.3
26.040	52.2
26.060	52.1
26.080	52.0
26.100	51.9
26.120	51.8
26.140	51.7
26.160	51.6
26.180	51.5
26.200	51.5
26.220	51.4
26.240	51.4
26.260	51.3
26.280	51.3
26.300	51.2
26.320	51.2
26.340	51.1
26.360	51.1
26.380	51.0
26.400	51.0
26.420	51.0
26.440	50.9
26.460	50.9
26.480	50.9
26.500	50.8
26.520	50.8
26.540	50.8
26.560	50.8
26.580	50.7
26.600	50.7
26.620	50.7
26.640	50.7
26.660	50.7
26.680	50.6
26.700	50.6
26.720	50.6
26.740	50.6
26.760	50.6
26.780	50.6
26.800	50.5
26.820	50.5
26.840	50.5
26.860	50.5
26.880	50.5
26.900	50.5
26.920	50.5
26.940	50.5
26.960	50.4
26.980	50.4
27.000	50.4
27.020	50.4
27.040	50.4
27.060	50.4
27.080	50.4
27.100	50.4
27.120	50.4
27.140	50.4
27.160	50.4
27.180	50.4
27.200	50.3
27.220	50.3
27.240	50.3
27.260	50.3
27.280	50.3
27.300	50.3
27.320	50.3
27.340	50.3
27.360	50.3
27.380	50.3
27.400	50.3
27.420	50.3
27.440	50.3
27.460	50.3
27.480	50.3
27.500	50.3
27.520	50.3
27.540	50.3
27.560	50.2
27.580	50.2
27.600	50.2
27.620	50.2
27.640	50.2
27.660	50.2
27.680	50.2
27.700	50.2
27.720	50.2
27.740	50.2
27.760	50.2
27.780	50.2
27.800	50.2
27.820	50.2
27.840	50.2
27.860	50.2
27.880	50.2
27.900	50.2
27.920	50.2
27.940	50.2
27.960	50.2
27.980	50.2
28.000	50.2
28.020	50.2
28.040	50.2
28.060	50.2
28.080	50.2
28.100	50.2
28.120	50.2
28.140	50.2
28.160	50.2
28.180	50.2
28.200	50.2
28.220	50.2
28.240	50.1
28.260	50.1
28.280	50.1
28.300	50.1
28.320	50.1
28.340	50.1
28.360	50.1
28.380	50.1
28.400	50.1
28.420	50.1
28.440	50.1
28.460	50.1
28.480	50.1
28.500	50.1
28.520	50.1
28.540	50.1
28.560	50.1
28.580	50.1
28.600	50.1
28.620	50.1
28.640	50.1
28.660	50.1
28.680	50.1
28.700	50.1
28.720	50.1
28.740	50.1
28.760	50.1
28.780	50.1
28.800	50.1
28.820	50.1
28.840	50.1
28.860	50.1
28.880	50.1
28.900	50.1
28.920	50.1
28.940	50.1
28.960	50.1
28.980	50.1
29.000	50.1
29.020	50.1
29.040	50.1
29.060	50.1
29.080	50.1
29.100	50.1
29.120	50.1
29.140	50.1
29.160	50.1
29.180	50.1
29.200	50.1
29.220	50.1
29.240	50.1
29.260	50.1
29.280	50.1
29.300	50.1
29.320	50.1
29.340	50.1
29.360	50.1
29.380	50.1
29.400	50.1
29.420	50.1
29.440	50.1
29.460	50.1
29.480	50.1
29.500	50.1
29.520	50.1
29.540	50.1
29.560	50.1
29.580	50.1
29.600	50.1
29.620	50.1
29.640	50.1
29.660	50.1
29.680	50.1
29.700	50.1
29.720	50.1
29.740	50.1
29.760	50.1
29.780	50.1
29.800	50.1
29.820	50.1
29.840	50.1
29.860	50.1
29.880	50.1
29.900	50.1
29.920	50.1
29.940	50.1
29.960	50.1
29.980	50.1
30.000	50.1
30.020	50.1
30.040	50.1
30.060	50.1
30.080	50.1
30.100	50.1
30.120	50.1
30.140	50.1
30.160	50.1
30.180	50.1
30.200	50.1
30.220	50.1
30.240	50.1
30.260	50.1
30.280	50.1
30.300	50.1
30.320	50.1
30.340	50.1
30.360	50.1
30.380	50.1
30.400	50.1
30.420	50.1
30.440	50.1
30.460	50.1
30.480	50.1
30.500	50.1
30.520	50.1
30.540	50.1
30.560	50.1
30.580	50.1
30.600	50.1
30.620	50.1
30.640	50.1
30.660	50.1
30.680	50.1
30.700	50.1
30.720	50.1
30.740	50.1
30.760	50.1
30.780	50.1
30.800	50.1
30.820	50.1
30.840	50.1
30.860	50.1
30.880	50.1
30.900	50.1
30.920	50.1
30.940	50.1
30.960	50.1
30.980	50.1
31.000	50.1
31.020	50.1
31.040	50.1
31.060	50.0
31.080	50.0
31.100	50.0
31.120	50.0
31.140	50.0
31.160	50.0
31.180	50.0
31.200	50.0
31.220	50.0
31.240	50.0
31.260	50.0
31.280	50.0
31.300	50.0
31.320	50.0
31.340	50.0
31.360	50.0
31.380	50.0
31.400	50.0
31.420	50.0
31.440	50.0
31.460	50.0
31.480	50.0
31.500	50.0
31.520	50.0
31.540	50.0
31.560	50.0
31.580	50.0
31.600	50.0
31.620	50.0
31.640	50.0
31.660	50.0
31.680	50.0
31.700	50.0
31.720	50.0
31.740	50.0
31.760	50.0
31.780	50.0
31.800	50.0
31.820	50.0
31.840	50.0
31.860	50.0
31.880	50.0
31.900	50.0
31.920	50.0
31.940	50.0
31.960	50.0
31.980	50.0
32.000	50.0
32.020	50.0
32.040	50.0
32.060	50.0
32.080	50.0
32.100	50.0
32.120	50.0
32.140	50.0
32.160	50.0
32.180	50.0
32.200	50.0
32.220	50.0
32.240	50.0
32.260	50.0
32.280	50.0
32.300	50.0
32.320	50.0
32.340	50.0
32.360	50.0
32.380	50.0
32.400	50.0
32.420	50.0
32.440	50.0
32.460	50.0
32.480	50.0
32.500	50.0
32.520	50.0
32.540	50.0
32.560	50.0
32.580	50.0
32.600	50.0
32.620	50.0
32.640	50.0
32.660	50.0
32.680	50.0
32.700	50.0
32.720	50.0
32.740	50.0
32.760	50.0
32.780	50.0
32.800	50.0
32.820	50.0
32.840	50.0
32.860	50.0
32.880	50.0
32.900	50.0
32.920	50.0
32.940	50.0
32.960	50.0
32.980	50.0
33.000	50.0
33.020	50.0
33.040	50.0
33.060	50.0
33.080	50.0
33.100	50.0
33.120	50.0
33.140	50.0
33.160	50.0
33.180	50.0
33.200	50.0
33.220	50.0
33.240	50.0
33.260	50.0
33.280	50.0
33.300	50.0
33.320	50.0
33.340	50.0
33.360	50.0
33.380	50.0
33.400	50.0
33.420	50.0
33.440	50.0
33.460	50.0
33.480	50.0
33.500	50.0
33.520	50.0
33.540	50.0
33.560	50.0
33.580	50.0
33.600	50.0
33.620	50.0
33.640	50.0
33.660	50.0
33.680	50.0
33.700	50.0
33.720	50.0
33.740	50.0
33.760	50.0
33.780	50.0
33.800	50.0
33.820	50.0
33.840	50.0
33.860	50.1
33.880	50.1
33.900	50.1
33.920	50.1
33.940	50.1
33.960	50.1
33.980	50.1
34.000	50.1
34.020	50.1
34.040	50.1
34.060	50.1
34.080	50.1
34.100	50.1
34.120	50.1
34.140	50.1
34.160	50.1
34.180	50.1
34.200	50.1
34.220	50.1
34.240	50.1
34.260	50.1
34.280	50.1
34.300	50.1
34.320	50.1
34.340	50.1
34.360	50.1
34.380	50.1
34.400	50.1
34.420	50.1
34.440	50.1
34.460	50.1
34.480	50.1
34.500	50.1
34.520	50.1
34.540	50.1
34.560	50.1
34.580	50.1
34.600	50.1
34.620	50.1
34.640	50.1
34.660	50.1
34.680	50.1
34.700	50.1
34.720	50.1
34.740	50.1
34.760	50.1
34.780	50.1
34.800	50.1
34.820	50.1
34.840	50.1
34.860	50.1
34.880	50.1
34.900	50.1
34.920	50.1
34.940	50.1
34.960	50.1
34.980	50.1
35.000	50.1
35.020	50.1
35.040	50.1
35.060	50.1
35.080	50.1
35.100	50.1
35.120	50.1
35.140	50.1
35.160	50.1
35.180	50.1
35.200	50.1
35.220	50.1
35.240	50.1
35.260	50.1
35.280	50.1
35.300	50.1
35.320	50.1
35.340	50.1
35.360	50.1
35.380	50.1
35.400	50.1
35.420	50.1
35.440	50.1
35.460	50.1
35.480	50.1
35.500	50.1
35.520	50.1
35.540	50.1
35.560	50.1
35.580	50.1
35.600	50.1
35.620	50.1
35.640	50.1
35.660	50.1
35.680	50.1
35.700	50.1
35.720	50.1
35.740	50.1
35.760	50.1
35.780	50.2
35.800	50.2
35.820	50.2
35.840	50.2
35.860	50.2
35.880	50.2
35.900	50.2
35.920	50.2
35.940	50.2
35.960	50.2
35.980	50.2
36.000	50.2
36.020	50.2
36.040	50.2
36.060	50.2
36.080	50.2
36.100	50.2
36.120	50.2
36.140	50.3
36.160	50.3
36.180	50.3
36.200	50.3
36.220	50.3
36.240	50.3
36.260	50.3
36.280	50.3
36.300	50.4
36.320	50.4
36.340	50.4
36.360	50.4
36.380	50.4
36.400	50.5
36.420	50.5
36.440	50.5
36.460	50.5
36.480	50.6
36.500	50.6
36.520	50.7
36.540	50.7
36.560	50.8
36.580	50.8
36.600	50.9
36.620	51.0
36.640	51.1
36.660	51.3
36.680	51.4
36.700	51.6
36.720	51.9
36.740	52.2
36.760	52.6
36.780	53.2
36.800	54.0
36.820	55.4
36.840	58.1
36.860	63.3
36.880	72.9
36.900	87.9
36.920	106.1
36.940	119.2
36.960	116.6
36.980	100.7
37.000	83.0
37.020	69.6
37.040	61.5
37.060	57.3
37.080	55.1
37.100	54.0
37.120	53.3
37.140	52.8
37.160	52.5
37.180	52.2
37.200	52.1
37.220	51.9
37.240	51.8
37.260	51.8
37.280	51.8
37.300	51.7
37.320	51.8
37.340	51.8
37.360	51.8
37.380	51.9
37.400	52.0
37.420	52.2
37.440	52.3
37.460	52.5
37.480	52.8
37.500	53.1
37.520	53.4
37.540	53.9
37.560	54.5
37.580	55.2
37.600	56.1
37.620	57.4
37.640	59.2
37.660	61.9
37.680	66.6
37.700	75.9
37.720	94.1
37.740	126.1
37.760	172.8
37.780	223.8
37.800	250.2
37.820	228.1
37.840	178.1
37.860	130.2
37.880	96.6
37.900	77.2
37.920	67.3
37.940	62.2
37.960	59.4
37.980	57.6
38.000	56.3
38.020	55.3
38.040	54.6
38.060	54.0
38.080	53.5
38.100	53.2
38.120	52.9
38.140	52.7
38.160	52.5
38.180	52.3
38.200	52.2
38.220	52.1
38.240	52.1
38.260	52.1
38.280	52.1
38.300	52.2
38.320	52.3
38.340	52.4
38.360	52.6
38.380	52.9
38.400	53.4
38.420	54.0
38.440	55.0
38.460	56.9
38.480	60.8
38.500	68.2
38.520	80.7
38.540	98.0
38.560	114.8
38.580	120.1
38.600	108.7
38.620	90.6
38.640	74.9
38.660	64.5
38.680	58.7
38.700	55.7
38.720	54.2
38.740	53.3
38.760	52.7
38.780	52.3
38.800	52.0
38.820	51.7
38.840	51.5
38.860	51.3
38.880	51.2
38.900	51.1
38.920	51.0
38.940	50.9
38.960	50.8
38.980	50.7
39.000	50.7
39.020	50.6
39.040	50.6
39.060	50.6
39.080	50.5
39.100	50.5
39.120	50.5
39.140	50.4
39.160	50.4
39.180	50.4
39.200	50.4
39.220	50.4
39.240	50.3
39.260	50.3
39.280	50.3
39.300	50.3
39.320	50.3
39.340	50.3
39.360	50.3
39.380	50.3
39.400	50.3
39.420	50.2
39.440	50.2
39.460	50.2
39.480	50.2
39.500	50.2
39.520	50.2
39.540	50.2
39.560	50.2
39.580	50.2
39.600	50.2
39.620	50.2
39.640	50.2
39.660	50.2
39.680	50.2
39.700	50.2
39.720	50.2
39.740	50.2
39.760	50.2
39.780	50.2
39.800	50.1
39.820	50.1
39.840	50.1
39.860	50.1
39.880	50.1
39.900	50.1
39.920	50.1
39.940	50.1
39.960	50.1
39.980	50.1
40.000	50.1
40.020	50.1
40.040	50.1
40.060	50.1
40.080	50.1
40.100	50.1
40.120	50.1
40.140	50.1
40.160	50.1
40.180	50.1
40.200	50.1
40.220	50.1
40.240	50.1
40.260	50.1
40.280	50.1
40.300	50.1
40.320	50.1
40.340	50.1
40.360	50.1
40.380	50.1
40.400	50.1
40.420	50.1
40.440	50.1
40.460	50.1
40.480	50.1
40.500	50.1
40.520	50.1
40.540	50.1
40.560	50.1
40.580	50.1
40.600	50.1
40.620	50.1
40.640	50.1
40.660	50.1
40.680	50.1
40.700	50.1
40.720	50.1
40.740	50.1
40.760	50.1
40.780	50.1
40.800	50.1
40.820	50.1
40.840	50.1
40.860	50.1
40.880	50.1
40.900	50.1
40.920	50.1
40.940	50.1
40.960	50.1
40.980	50.1
41.000	50.1
41.020	50.1
41.040	50.1
41.060	50.1
41.080	50.1
41.100	50.1
41.120	50.1
41.140	50.1
41.160	50.1
41.180	50.1
41.200	50.1
41.220	50.1
41.240	50.1
41.260	50.1
41.280	50.1
41.300	50.1
41.320	50.1
41.340	50.1
41.360	50.1
41.380	50.1
41.400	50.1
41.420	50.1
41.440	50.1
41.460	50.1
41.480	50.1
41.500	50.1
41.520	50.1
41.540	50.1
41.560	50.1
41.580	50.1
41.600	50.1
41.620	50.0
41.640	50.0
41.660	50.0
41.680	50.0
41.700	50.0
41.720	50.0
41.740	50.0
41.760	50.0
41.780	50.0
41.800	50.0
41.820	50.0
41.840	50.0
41.860	50.0
41.880	50.0
41.900	50.0
41.920	50.0
41.940	50.0
41.960	50.0
41.980	50.0
42.000	50.0
42.020	50.0
42.040	50.0
42.060	50.0
42.080	50.0
42.100	50.0
42.120	50.0
42.140	50.0
42.160	50.0
42.180	50.0
42.200	50.0
42.220	50.0
42.240	50.0
42.260	50.0
42.280	50.0
42.300	50.0
42.320	50.0
42.340	50.0
42.360	50.0
42.380	50.0
42.400	50.0
42.420	50.0
42.440	50.0
42.460	50.0
42.480	50.0
42.500	50.0
42.520	50.0
42.540	50.0
42.560	50.0
42.580	50.0
42.600	50.0
42.620	50.0
42.640	50.0
42.660	50.0
42.680	50.0
42.700	50.0
42.720	50.0
42.740	50.0
42.760	50.0
42.780	50.0
42.800	50.0
42.820	50.0
42.840	50.0
42.860	50.0
42.880	50.0
42.900	50.0
42.920	50.0
42.940	50.0
42.960	50.0
42.980	50.0
43.000	50.0
43.020	50.0
43.040	50.0
43.060	50.0
43.080	50.0
43.100	50.0
43.120	50.0
43.140	50.0
43.160	50.0
43.180	50.0
43.200	50.0
43.220	50.0
43.240	50.0
43.260	50.0
43.280	50.0
43.300	50.0
43.320	50.0
43.340	50.0
43.360	50.0
43.380	50.0
43.400	50.0
43.420	50.0
43.440	50.0
43.460	50.0
43.480	50.0
43.500	50.0
43.520	50.0
43.540	50.0
43.560	50.0
43.580	50.0
43.600	50.0
43.620	50.0
43.640	50.0
43.660	50.0
43.680	50.0
43.700	50.0
43.720	50.0
43.740	50.0
43.760	50.0
43.780	50.0
43.800	50.0
43.820	50.0
43.840	50.0
43.860	50.0
43.880	50.0
43.900	50.0
43.920	50.0
43.940	50.0
43.960	50.0
43.980	50.0
44.000	50.0
44.020	50.0
44.040	50.0
44.060	50.0
44.080	50.0
44.100	50.0
44.120	50.0
44.140	50.0
44.160	50.0
44.180	50.0
44.200	50.0
44.220	50.0
44.240	50.0
44.260	50.1
44.280	50.1
44.300	50.1
44.320	50.1
44.340	50.1
44.360	50.1
44.380	50.1
44.400	50.1
44.420	50.1
44.440	50.1
44.460	50.1
44.480	50.1
44.500	50.1
44.520	50.1
44.540	50.1
44.560	50.1
44.580	50.1
44.600	50.1
44.620	50.1
44.640	50.1
44.660	50.1
44.680	50.1
44.700	50.1
44.720	50.1
44.740	50.1
44.760	50.1
44.780	50.1
44.800	50.1
44.820	50.1
44.840	50.1
44.860	50.1
44.880	50.1
44.900	50.1
44.920	50.1
44.940	50.1
44.960	50.1
44.980	50.1
45.000	50.1
45.020	50.1
45.040	50.1
45.060	50.1
45.080	50.1
45.100	50.1
45.120	50.1
45.140	50.1
45.160	50.1
45.180	50.1
45.200	50.1
45.220	50.1
45.240	50.1
45.260	50.1
45.280	50.1
45.300	50.1
45.320	50.1
45.340	50.1
45.360	50.1
45.380	50.1
45.400	50.1
45.420	50.1
45.440	50.1
45.460	50.1
45.480	50.1
45.500	50.1
45.520	50.1
45.540	50.1
45.560	50.1
45.580	50.1
45.600	50.1
45.620	50.1
45.640	50.1
45.660	50.1
45.680	50.1
45.700	50.1
45.720	50.1
45.740	50.1
45.760	50.1
45.780	50.1
45.800	50.1
45.820	50.1
45.840	50.1
45.860	50.1
45.880	50.1
45.900	50.1
45.920	50.1
45.940	50.1
45.960	50.1
45.980	50.1
46.000	50.1
46.020	50.1
46.040	50.1
46.060	50.1
46.080	50.1
46.100	50.1
46.120	50.1
46.140	50.1
46.160	50.1
46.180	50.1
46.200	50.1
46.220	50.1
46.240	50.2
46.260	50.2
46.280	50.2
46.300	50.2
46.320	50.2
46.340	50.2
46.360	50.2
46.380	50.2
46.400	50.2
46.420	50.2
46.440	50.2
46.460	50.2
46.480	50.2
46.500	50.2
46.520	50.2
46.540	50.2
46.560	50.2
46.580	50.2
46.600	50.2
46.620	50.2
46.640	50.2
46.660	50.2
46.680	50.3
46.700	50.3
46.720	50.3
46.740	50.3
46.760	50.3
46.780	50.3
46.800	50.3
46.820	50.3
46.840	50.3
46.860	50.3
46.880	50.3
46.900	50.3
46.920	50.4
46.940	50.4
46.960	50.4
46.980	50.4
47.000	50.4
47.020	50.4
47.040	50.4
47.060	50.5
47.080	50.5
47.100	50.5
47.120	50.5
47.140	50.5
47.160	50.6
47.180	50.6
47.200	50.6
47.220	50.7
47.240	50.7
47.260	50.7
47.280	50.8
47.300	50.8
47.320	50.8
47.340	50.9
47.360	50.9
47.380	51.0
47.400	51.0
47.420	51.1
47.440	51.2
47.460	51.3
47.480	51.4
47.500	51.5
47.520	51.6
47.540	51.7
47.560	51.8
47.580	52.0
47.600	52.2
47.620	52.4
47.640	52.6
47.660	52.8
47.680	53.2
47.700	53.5
47.720	53.9
47.740	54.5
47.760	55.1
47.780	55.8
47.800	56.8
47.820	57.9
47.840	59.4
47.860	61.4
47.880	64.0
47.900	67.9
47.920	74.2
47.940	86.1
47.960	109.8
47.980	154.1
48.000	225.0
48.020	315.1
48.040	388.5
48.060	388.5
48.080	315.1
48.100	225.0
48.120	154.1
48.140	109.8
48.160	86.1
48.180	74.2
48.200	67.9
48.220	64.0
48.240	61.4
48.260	59.4
48.280	57.9
48.300	56.8
48.320	55.8
48.340	55.1
48.360	54.5
48.380	53.9
48.400	53.5
48.420	53.2
48.440	52.9
48.460	52.6
48.480	52.4
48.500	52.2
48.520	52.0
48.540	51.8
48.560	51.7
48.580	51.6
48.600	51.5
48.620	51.4
48.640	51.3
48.660	51.2
48.680	51.1
48.700	51.1
48.720	51.0
48.740	50.9
48.760	50.9
48.780	50.8
48.800	50.8
48.820	50.8
48.840	50.7
48.860	50.7
48.880	50.7
48.900	50.6
48.920	50.6
48.940	50.6
48.960	50.6
48.980	50.5
49.000	50.5
49.020	50.5
49.040	50.5
49.060	50.5
49.080	50.4
49.100	50.4
49.120	50.4
49.140	50.4
49.160	50.4
49.180	50.4
49.200	50.4
49.220	50.3
49.240	50.3
49.260	50.3
49.280	50.3
49.300	50.3
49.320	50.3
49.340	50.3
49.360	50.3
49.380	50.3
49.400	50.3
49.420	50.3
49.440	50.3
49.460	50.2
49.480	50.2
49.500	50.2
49.520	50.2
49.540	50.2
49.560	50.2
49.580	50.2
49.600	50.2
49.620	50.2
49.640	50.2
49.660	50.2
49.680	50.2
49.700	50.2
49.720	50.2
49.740	50.2
49.760	50.2
49.780	50.2
49.800	50.2
49.820	50.2
49.840	50.2
49.860	50.2
49.880	50.2
49.900	50.2
49.920	50.2
49.940	50.2
49.960	50.2
49.980	50.2
50.000	50.1
50.020	50.1
50.040	50.1
50.060	50.1
50.080	50.1
50.100	50.1
50.120	50.1
50.140	50.1
50.160	50.1
50.180	50.1
50.200	50.1
50.220	50.1
50.240	50.1
50.260	50.1
50.280	50.1
50.300	50.1
50.320	50.1
50.340	50.1
50.360	50.1
50.380	50.1
50.400	50.1
50.420	50.1
50.440	50.1
50.460	50.1
50.480	50.1
50.500	50.1
50.520	50.1
50.540	50.1
50.560	50.1
50.580	50.1
50.600	50.1
50.620	50.1
50.640	50.1
50.660	50.1
50.680	50.1
50.700	50.1
50.720	50.1
50.740	50.1
50.760	50.1
50.780	50.1
50.800	50.1
50.820	50.1
50.840	50.1
50.860	50.1
50.880	50.1
50.900	50.1
50.920	50.1
50.940	50.1
50.960	50.1
50.980	50.1
51.000	50.1
51.020	50.1
51.040	50.1
51.060	50.1
51.080	50.1
51.100	50.1
51.120	50.1
51.140	50.1
51.160	50.1
51.180	50.1
51.200	50.1
51.220	50.1
51.240	50.1
51.260	50.1
51.280	50.1
51.300	50.1
51.320	50.1
51.340	50.1
51.360	50.1
51.380	50.1
51.400	50.1
51.420	50.1
51.440	50.1
51.460	50.1
51.480	50.1
51.500	50.1
51.520	50.1
51.540	50.1
51.560	50.1
51.580	50.1
51.600	50.1
51.620	50.1
51.640	50.1
51.660	50.1
51.680	50.1
51.700	50.1
51.720	50.1
51.740	50.1
51.760	50.1
51.780	50.1
51.800	50.1
51.820	50.1
51.840	50.1
51.860	50.1
51.880	50.1
51.900	50.1
51.920	50.1
51.940	50.1
51.960	50.1
51.980	50.1
52.000	50.1
52.020	50.1
52.040	50.1
52.060	50.1
52.080	50.1
52.100	50.1
52.120	50.1
52.140	50.1
52.160	50.1
52.180	50.1
52.200	50.1
52.220	50.2
52.240	50.2
52.260	50.2
52.280	50.2
52.300	50.2
52.320	50.2
52.340	50.2
52.360	50.2
52.380	50.2
52.400	50.2
52.420	50.2
52.440	50.2
52.460	50.2
52.480	50.2
52.500	50.2
52.520	50.2
52.540	50.2
52.560	50.2
52.580	50.2
52.600	50.2
52.620	50.2
52.640	50.2
52.660	50.2
52.680	50.2
52.700	50.2
52.720	50.3
52.740	50.3
52.760	50.3
52.780	50.3
52.800	50.3
52.820	50.3
52.840	50.3
52.860	50.3
52.880	50.3
52.900	50.3
52.920	50.3
52.940	50.4
52.960	50.4
52.980	50.4
53.000	50.4
53.020	50.4
53.040	50.4
53.060	50.4
53.080	50.5
53.100	50.5
53.120	50.5
53.140	50.5
53.160	50.6
53.180	50.6
53.200	50.6
53.220	50.6
53.240	50.7
53.260	50.7
53.280	50.8
53.300	50.8
53.320	50.9
53.340	50.9
53.360	51.0
53.380	51.1
53.400	51.1
53.420	51.2
53.440	51.3
53.460	51.4
53.480	51.6
53.500	51.7
53.520	51.9
53.540	52.1
53.560	52.4
53.580	52.7
53.600	53.0
53.620	53.4
53.640	54.0
53.660	54.6
53.680	55.5
53.700	56.6
53.720	58.1
53.740	60.2
53.760	63.7
53.780	70.3
53.800	83.4
53.820	108.1
53.840	147.8
53.860	199.0
53.880	242.3
53.900	244.8
53.920	204.2
53.940	152.6
53.960	111.4
53.980	85.3
54.000	71.3
54.020	64.3
54.040	60.6
54.060	58.4
54.080	56.8
54.100	55.7
54.120	54.9
54.140	54.2
54.160	53.7
54.180	53.2
54.200	52.9
54.220	52.6
54.240	52.4
54.260	52.2
54.280	52.1
54.300	51.9
54.320	51.8
54.340	51.7
54.360	51.6
54.380	51.6
54.400	51.5
54.420	51.5
54.440	51.5
54.460	51.5
54.480	51.5
54.500	51.5
54.520	51.5
54.540	51.5
54.560	51.6
54.580	51.6
54.600	51.7
54.620	51.7
54.640	51.8
54.660	52.0
54.680	52.1
54.700	52.3
54.720	52.5
54.740	52.7
54.760	53.0
54.780	53.4
54.800	53.8
54.820	54.4
54.840	55.1
54.860	56.1
54.880	57.3
54.900	59.0
54.920	61.7
54.940	66.2
54.960	75.2
54.980	92.8
55.000	124.1
55.020	170.2
55.040	221.4
55.060	249.9
55.080	230.1
55.100	180.6
55.120	132.2
55.140	97.8
55.160	77.8
55.180	67.5
55.200	62.3
55.220	59.4
55.240	57.5
55.260	56.1
55.280	55.1
55.300	54.4
55.320	53.8
55.340	53.3
55.360	52.9
55.380	52.5
55.400	52.3
55.420	52.0
55.440	51.8
55.460	51.7
55.480	51.5
55.500	51.4
55.520	51.3
55.540	51.2
55.560	51.1
55.580	51.0
55.600	51.0
55.620	50.9
55.640	50.8
55.660	50.8
55.680	50.7
55.700	50.7
55.720	50.7
55.740	50.6
55.760	50.6
55.780	50.6
55.800	50.5
55.820	50.5
55.840	50.5
55.860	50.5
55.880	50.5
55.900	50.4
55.920	50.4
55.940	50.4
55.960	50.4
55.980	50.4
56.000	50.4
56.020	50.3
56.040	50.3
56.060	50.3
56.080	50.3
56.100	50.3
56.120	50.3
56.140	50.3
56.160	50.3
56.180	50.3
56.200	50.3
56.220	50.2
56.240	50.2
56.260	50.2
56.280	50.2
56.300	50.2
56.320	50.2
56.340	50.2
56.360	50.2
56.380	50.2
56.400	50.2
56.420	50.2
56.440	50.2
56.460	50.2
56.480	50.2
56.500	50.2
56.520	50.2
56.540	50.2
56.560	50.2
56.580	50.2
56.600	50.2
56.620	50.2
56.640	50.1
56.660	50.1
56.680	50.1
56.700	50.1
56.720	50.1
56.740	50.1
56.760	50.1
56.780	50.1
56.800	50.1
56.820	50.1
56.840	50.1
56.860	50.1
56.880	50.1
56.900	50.1
56.920	50.1
56.940	50.1
56.960	50.1
56.980	50.1
57.000	50.1
57.020	50.1
57.040	50.1
57.060	50.1
57.080	50.1
57.100	50.1
57.120	50.1
57.140	50.1
57.160	50.1
57.180	50.1
57.200	50.1
57.220	50.1
57.240	50.1
57.260	50.1
57.280	50.1
57.300	50.1
57.320	50.1
57.340	50.1
57.360	50.1
57.380	50.1
57.400	50.1
57.420	50.1
57.440	50.1
57.460	50.1
57.480	50.1
57.500	50.1
57.520	50.1
57.540	50.1
57.560	50.1
57.580	50.1
57.600	50.1
57.620	50.1
57.640	50.1
57.660	50.1
57.680	50.1
57.700	50.1
57.720	50.1
57.740	50.1
57.760	50.1
57.780	50.1
57.800	50.1
57.820	50.1
57.840	50.1
57.860	50.1
57.880	50.1
57.900	50.1
57.920	50.1
57.940	50.1
57.960	50.1
57.980	50.1
58.000	50.1
58.020	50.1
58.040	50.1
58.060	50.1
58.080	50.1
58.100	50.1
58.120	50.1
58.140	50.1
58.160	50.1
58.180	50.1
58.200	50.1
58.220	50.1
58.240	50.1
58.260	50.1
58.280	50.1
58.300	50.1
58.320	50.1
58.340	50.1
58.360	50.1
58.380	50.1
58.400	50.1
58.420	50.1
58.440	50.1
58.460	50.1
58.480	50.1
58.500	50.1
58.520	50.1
58.540	50.1
58.560	50.1
58.580	50.1
58.600	50.1
58.620	50.1
58.640	50.1
58.660	50.1
58.680	50.1
58.700	50.1
58.720	50.1
58.740	50.1
58.760	50.1
58.780	50.1
58.800	50.1
58.820	50.1
58.840	50.1
58.860	50.1
58.880	50.1
58.900	50.1
58.920	50.1
58.940	50.1
58.960	50.1
58.980	50.1
59.000	50.1
59.020	50.1
59.040	50.1
59.060	50.1
59.080	50.1
59.100	50.1
59.120	50.1
59.140	50.1
59.160	50.1
59.180	50.1
59.200	50.1
59.220	50.1
59.240	50.1
59.260	50.1
59.280	50.1
59.300	50.1
59.320	50.1
59.340	50.1
59.360	50.1
59.380	50.1
59.400	50.1
59.420	50.1
59.440	50.1
59.460	50.1
59.480	50.1
59.500	50.1
59.520	50.1
59.540	50.1
59.560	50.1
59.580	50.1
59.600	50.1
59.620	50.1
59.640	50.1
59.660	50.1
59.680	50.1
59.700	50.1
59.720	50.1
59.740	50.1
59.760	50.1
59.780	50.1
59.800	50.1
59.820	50.1
59.840	50.1
59.860	50.1
59.880	50.1
59.900	50.1
59.920	50.1
59.940	50.1
59.960	50.1
59.980	50.1
60.000	50.1
60.020	50.1
60.040	50.1
60.060	50.1
60.080	50.1
60.100	50.1
60.120	50.1
60.140	50.1
60.160	50.1
60.180	50.1
60.200	50.1
60.220	50.1
60.240	50.1
60.260	50.1
60.280	50.1
60.300	50.1
60.320	50.1
60.340	50.1
60.360	50.1
60.380	50.1
60.400	50.1
60.420	50.1
60.440	50.1
60.460	50.1
60.480	50.1
60.500	50.1
60.520	50.1
60.540	50.1
60.560	50.1
60.580	50.1
60.600	50.1
60.620	50.1
60.640	50.1
60.660	50.1
60.680	50.1
60.700	50.1
60.720	50.1
60.740	50.1
60.760	50.1
60.780	50.1
60.800	50.1
60.820	50.1
60.840	50.1
60.860	50.1
60.880	50.1
60.900	50.1
60.920	50.1
60.940	50.1
60.960	50.1
60.980	50.1
61.000	50.1
61.020	50.1
61.040	50.1
61.060	50.1
61.080	50.1
61.100	50.1
61.120	50.1
61.140	50.1
61.160	50.1
61.180	50.2
61.200	50.2
61.220	50.2
61.240	50.2
61.260	50.2
61.280	50.2
61.300	50.2
61.320	50.2
61.340	50.2
61.360	50.2
61.380	50.2
61.400	50.2
61.420	50.2
61.440	50.2
61.460	50.2
61.480	50.3
61.500	50.3
61.520	50.3
61.540	50.3
61.560	50.3
61.580	50.3
61.600	50.3
61.620	50.4
61.640	50.4
61.660	50.4
61.680	50.4
61.700	50.5
61.720	50.5
61.740	50.5
61.760	50.6
61.780	50.6
61.800	50.7
61.820	50.8
61.840	50.9
61.860	51.0
61.880	51.1
61.900	51.3
61.920	51.5
61.940	51.7
61.960	52.1
61.980	52.7
62.000	53.6
62.020	55.5
62.040	59.2
62.060	65.6
62.080	75.0
62.100	85.2
62.120	90.5
62.140	86.2
62.160	76.2
62.180	66.7
62.200	60.0
62.220	56.2
62.240	54.3
62.260	53.3
62.280	52.9
62.300	52.6
62.320	52.5
62.340	52.4
62.360	52.4
62.380	52.5
62.400	52.7
62.420	52.9
62.440	53.2
62.460	53.6
62.480	54.2
62.500	54.9
62.520	55.9
62.540	57.4
62.560	59.9
62.580	64.7
62.600	74.1
62.620	91.9
62.640	120.2
62.660	156.2
62.680	185.6
62.700	185.6
62.720	156.2
62.740	120.1
62.760	91.8
62.780	74.0
62.800	64.6
62.820	59.8
62.840	57.2
62.860	55.7
62.880	54.6
62.900	53.9
62.920	53.3
62.940	52.8
62.960	52.4
62.980	52.1
63.000	51.9
63.020	51.6
63.040	51.5
63.060	51.3
63.080	51.2
63.100	51.1
63.120	51.0
63.140	50.9
63.160	50.8
63.180	50.8
63.200	50.7
63.220	50.7
63.240	50.6
63.260	50.6
63.280	50.6
63.300	50.5
63.320	50.5
63.340	50.5
63.360	50.4
63.380	50.4
63.400	50.4
63.420	50.4
63.440	50.4
63.460	50.3
63.480	50.3
63.500	50.3
63.520	50.3
63.540	50.3
63.560	50.3
63.580	50.3
63.600	50.2
63.620	50.2
63.640	50.2
63.660	50.2
63.680	50.2
63.700	50.2
63.720	50.2
63.740	50.2
63.760	50.2
63.780	50.2
63.800	50.2
63.820	50.2
63.840	50.2
63.860	50.2
63.880	50.2
63.900	50.2
63.920	50.1
63.940	50.1
63.960	50.1
63.980	50.1
64.000	50.1
64.020	50.1
64.040	50.1
64.060	50.1
64.080	50.1
64.100	50.1
64.120	50.1
64.140	50.1
64.160	50.1
64.180	50.1
64.200	50.1
64.220	50.1
64.240	50.1
64.260	50.1
64.280	50.1
64.300	50.1
64.320	50.1
64.340	50.1
64.360	50.1
64.380	50.1
64.400	50.1
64.420	50.1
64.440	50.1
64.460	50.1
64.480	50.1
64.500	50.1
64.520	50.1
64.540	50.1
64.560	50.1
64.580	50.1
64.600	50.1
64.620	50.1
64.640	50.1
64.660	50.1
64.680	50.1
64.700	50.1
64.720	50.1
64.740	50.1
64.760	50.1
64.780	50.1
64.800	50.1
64.820	50.1
64.840	50.1
64.860	50.1
64.880	50.1
64.900	50.1
64.920	50.1
64.940	50.1
64.960	50.1
64.980	50.1
65.000	50.1
65.020	50.1
65.040	50.1
65.060	50.1
65.080	50.1
65.100	50.1
65.120	50.1
65.140	50.1
65.160	50.1
65.180	50.1
65.200	50.1
65.220	50.1
65.240	50.1
65.260	50.0
65.280	50.0
65.300	50.0
65.320	50.0
65.340	50.0
65.360	50.0
65.380	50.0
65.400	50.0
65.420	50.0
65.440	50.0
65.460	50.0
65.480	50.0
65.500	50.0
65.520	50.0
65.540	50.0
65.560	50.0
65.580	50.0
65.600	50.0
65.620	50.0
65.640	50.0
65.660	50.0
65.680	50.0
65.700	50.0
65.720	50.0
65.740	50.0
65.760	50.0
65.780	50.0
65.800	50.0
65.820	50.0
65.840	50.0
65.860	50.0
65.880	50.0
65.900	50.0
65.920	50.0
65.940	50.0
65.960	50.0
65.980	50.0
66.000	50.0
66.020	50.0
66.040	50.0
66.060	50.0
66.080	50.0
66.100	50.0
66.120	50.0
66.140	50.0
66.160	50.0
66.180	50.0
66.200	50.0
66.220	50.0
66.240	50.0
66.260	50.0
66.280	50.0
66.300	50.0
66.320	50.0
66.340	50.0
66.360	50.0
66.380	50.0
66.400	50.0
66.420	50.0
66.440	50.0
66.460	50.0
66.480	50.0
66.500	50.0
66.520	50.0
66.540	50.0
66.560	50.0
66.580	50.0
66.600	50.0
66.620	50.0
66.640	50.0
66.660	50.0
66.680	50.0
66.700	50.0
66.720	50.0
66.740	50.0
66.760	50.0
66.780	50.0
66.800	50.0
66.820	50.0
66.840	50.0
66.860	50.0
66.880	50.0
66.900	50.0
66.920	50.0
66.940	50.0
66.960	50.0
66.980	50.1
67.000	50.1
67.020	50.1
67.040	50.1
67.060	50.1
67.080	50.1
67.100	50.1
67.120	50.1
67.140	50.1
67.160	50.1
67.180	50.1
67.200	50.1
67.220	50.1
67.240	50.1
67.260	50.1
67.280	50.1
67.300	50.1
67.320	50.1
67.340	50.1
67.360	50.1
67.380	50.1
67.400	50.1
67.420	50.1
67.440	50.1
67.460	50.1
67.480	50.1
67.500	50.1
67.520	50.1
67.540	50.1
67.560	50.1
67.580	50.1
67.600	50.1
67.620	50.1
67.640	50.1
67.660	50.1
67.680	50.1
67.700	50.1
67.720	50.1
67.740	50.1
67.760	50.1
67.780	50.1
67.800	50.1
67.820	50.1
67.840	50.1
67.860	50.1
67.880	50.1
67.900	50.1
67.920	50.1
67.940	50.1
67.960	50.1
67.980	50.2
68.000	50.2
68.020	50.2
68.040	50.2
68.060	50.2
68.080	50.2
68.100	50.2
68.120	50.2
68.140	50.2
68.160	50.2
68.180	50.3
68.200	50.3
68.220	50.3
68.240	50.3
68.260	50.3
68.280	50.4
68.300	50.4
68.320	50.4
68.340	50.5
68.360	50.5
68.380	50.5
68.400	50.6
68.420	50.7
68.440	50.7
68.460	50.8
68.480	51.0
68.500	51.1
68.520	51.3
68.540	51.5
68.560	51.8
68.580	52.1
68.600	52.7
68.620	53.5
68.640	54.8
68.660	57.5
68.680	62.8
68.700	72.2
68.720	86.0
68.740	101.4
68.760	110.0
68.780	104.0
68.800	89.2
68.820	74.6
68.840	64.3
68.860	58.3
68.880	55.2
68.900	53.7
68.920	52.8
68.940	52.3
68.960	51.9
68.980	51.6
69.000	51.3
69.020	51.1
69.040	51.0
69.060	50.9
69.080	50.8
69.100	50.7
69.120	50.6
69.140	50.6
69.160	50.5
69.180	50.5
69.200	50.5
69.220	50.4
69.240	50.4
69.260	50.4
69.280	50.4
69.300	50.3
69.320	50.3
69.340	50.3
69.360	50.3
69.380	50.3
69.400	50.3
69.420	50.3
69.440	50.3
69.460	50.3
69.480	50.3
69.500	50.3
69.520	50.3
69.540	50.3
69.560	50.3
69.580	50.3
69.600	50.3
69.620	50.3
69.640	50.3
69.660	50.3
69.680	50.3
69.700	50.3
69.720	50.3
69.740	50.3
69.760	50.3
69.780	50.4
69.800	50.4
69.820	50.4
69.840	50.4
69.860	50.4
69.880	50.5
69.900	50.5
69.920	50.6
69.940	50.6
69.960	50.7
69.980	50.7
70.000	50.8
70.020	50.9
70.040	51.0
70.060	51.2
70.080	51.4
70.100	51.7
70.120	52.0
70.140	52.4
70.160	53.1
70.180	54.1
70.200	56.1
70.220	60.0
70.240	67.4
70.260	79.3
70.280	94.7
70.300	107.7
70.320	108.4
70.340	96.3
70.360	80.8
70.380	68.4
70.400	60.6
70.420	56.4
70.440	54.3
70.460	53.1
70.480	52.5
70.500	52.0
70.520	51.7
70.540	51.4
70.560	51.2
70.580	51.0
70.600	50.9
70.620	50.8
70.640	50.7
70.660	50.6
70.680	50.6
70.700	50.5
70.720	50.5
70.740	50.4
70.760	50.4
70.780	50.4
70.800	50.3
70.820	50.3
70.840	50.3
70.860	50.3
70.880	50.3
70.900	50.2
70.920	50.2
70.940	50.2
70.960	50.2
70.980	50.2
71.000	50.2
71.020	50.2
71.040	50.2
71.060	50.2
71.080	50.2
71.100	50.2
71.120	50.1
71.140	50.1
71.160	50.1
71.180	50.1
71.200	50.1
71.220	50.1
71.240	50.1
71.260	50.1
71.280	50.1
71.300	50.1
71.320	50.1
71.340	50.1
71.360	50.1
71.380	50.1
71.400	50.1
71.420	50.1
71.440	50.1
71.460	50.1
71.480	50.1
71.500	50.1
71.520	50.1
71.540	50.1
71.560	50.1
71.580	50.1
71.600	50.1
71.620	50.1
71.640	50.1
71.660	50.1
71.680	50.1
71.700	50.1
71.720	50.1
71.740	50.1
71.760	50.1
71.780	50.1
71.800	50.1
71.820	50.1
71.840	50.1
71.860	50.1
71.880	50.1
71.900	50.1
71.920	50.1
71.940	50.1
71.960	50.1
71.980	50.1
72.000	50.1
72.020	50.1
72.040	50.1
72.060	50.1
72.080	50.1
72.100	50.1
72.120	50.1
72.140	50.1
72.160	50.1
72.180	50.1
72.200	50.1
72.220	50.1
72.240	50.1
72.260	50.1
72.280	50.1
72.300	50.1
72.320	50.1
72.340	50.1
72.360	50.1
72.380	50.1
72.400	50.1
72.420	50.1
72.440	50.1
72.460	50.1
72.480	50.1
72.500	50.1
72.520	50.1
72.540	50.1
72.560	50.1
72.580	50.1
72.600	50.1
72.620	50.1
72.640	50.1
72.660	50.1
72.680	50.1
72.700	50.1
72.720	50.1
72.740	50.1
72.760	50.1
72.780	50.1
72.800	50.1
72.820	50.1
72.840	50.1
72.860	50.1
72.880	50.1
72.900	50.1
72.920	50.1
72.940	50.1
72.960	50.1
72.980	50.1
73.000	50.1
73.020	50.1
73.040	50.1
73.060	50.1
73.080	50.1
73.100	50.1
73.120	50.1
73.140	50.1
73.160	50.1
73.180	50.1
73.200	50.1
73.220	50.1
73.240	50.1
73.260	50.1
73.280	50.1
73.300	50.1
73.320	50.1
73.340	50.1
73.360	50.1
73.380	50.1
73.400	50.1
73.420	50.1
73.440	50.1
73.460	50.1
73.480	50.2
73.500	50.2
73.520	50.2
73.540	50.2
73.560	50.2
73.580	50.2
73.600	50.2
73.620	50.2
73.640	50.2
73.660	50.3
73.680	50.3
73.700	50.3
73.720	50.3
73.740	50.4
73.760	50.4
73.780	50.5
73.800	50.5
73.820	50.6
73.840	50.7
73.860	50.9
73.880	51.1
73.900	51.5
73.920	52.1
73.940	53.4
73.960	55.9
73.980	59.9
74.000	65.0
74.020	69.3
74.040	69.6
74.060	65.6
74.080	60.4
74.100	56.3
74.120	53.7
74.140	52.3
74.160	51.6
74.180	51.2
74.200	51.0
74.220	50.9
74.240	50.8
74.260	50.7
74.280	50.6
74.300	50.6
74.320	50.6
74.340	50.5
74.360	50.5
74.380	50.5
74.400	50.5
74.420	50.5
74.440	50.5
74.460	50.5
74.480	50.6
74.500	50.6
74.520	50.6
74.540	50.6
74.560	50.7
74.580	50.7
74.600	50.8
74.620	50.8
74.640	50.9
74.660	51.0
74.680	51.1
74.700	51.2
74.720	51.3
74.740	51.5
74.760	51.7
74.780	52.0
74.800	52.3
74.820	52.7
74.840	53.2
74.860	54.0
74.880	55.0
74.900	56.7
74.920	59.9
74.940	66.2
74.960	78.2
74.980	97.7
75.000	123.2
75.020	145.4
75.040	147.9
75.060	128.4
75.080	102.5
75.100	81.5
75.120	68.1
75.140	60.9
75.160	57.2
75.180	55.3
75.200	54.2
75.220	53.4
75.240	52.8
75.260	52.4
75.280	52.0
75.300	51.8
75.320	51.5
75.340	51.4
75.360	51.2
75.380	51.1
75.400	51.0
75.420	50.9
75.440	50.8
75.460	50.8
75.480	50.7
75.500	50.7
75.520	50.6
75.540	50.6
75.560	50.6
75.580	50.6
75.600	50.5
75.620	50.5
75.640	50.5
75.660	50.5
75.680	50.5
75.700	50.5
75.720	50.5
75.740	50.6
75.760	50.6
75.780	50.7
75.800	50.7
75.820	50.8
75.840	50.9
75.860	51.1
75.880	51.4
75.900	51.8
75.920	52.8
75.940	54.7
75.960	57.9
75.980	62.7
76.000	67.7
76.020	70.1
76.040	67.7
76.060	62.6
76.080	57.9
76.100	54.6
76.120	52.7
76.140	51.8
76.160	51.3
76.180	51.0
76.200	50.8
76.220	50.7
76.240	50.6
76.260	50.5
76.280	50.4
76.300	50.4
76.320	50.4
76.340	50.3
76.360	50.3
76.380	50.3
76.400	50.2
76.420	50.2
76.440	50.2
76.460	50.2
76.480	50.2
76.500	50.2
76.520	50.2
76.540	50.2
76.560	50.1
76.580	50.1
76.600	50.1
76.620	50.1
76.640	50.1
76.660	50.1
76.680	50.1
76.700	50.1
76.720	50.1
76.740	50.1
76.760	50.1
76.780	50.1
76.800	50.1
76.820	50.1
76.840	50.1
76.860	50.1
76.880	50.1
76.900	50.1
76.920	50.1
76.940	50.1
76.960	50.1
76.980	50.1
77.000	50.1
77.020	50.1
77.040	50.1
77.060	50.1
77.080	50.1
77.100	50.1
77.120	50.1
77.140	50.1
77.160	50.1
77.180	50.1
77.200	50.1
77.220	50.1
77.240	50.1
77.260	50.0
77.280	50.0
77.300	50.0
77.320	50.0
77.340	50.0
77.360	50.0
77.380	50.0
77.400	50.0
77.420	50.0
77.440	50.0
77.460	50.0
77.480	50.0
77.500	50.0
77.520	50.0
77.540	50.0
77.560	50.0
77.580	50.0
77.600	50.0
77.620	50.0
77.640	50.0
77.660	50.0
77.680	50.0
77.700	50.0
77.720	50.0
77.740	50.0
77.760	50.0
77.780	50.0
77.800	50.0
77.820	50.0
77.840	50.0
77.860	50.0
77.880	50.0
77.900	50.0
77.920	50.0
77.940	50.0
77.960	50.0
77.980	50.0
78.000	50.0
78.020	50.0
78.040	50.0
78.060	50.0
78.080	50.0
78.100	50.0
78.120	50.0
78.140	50.0
78.160	50.0
78.180	50.0
78.200	50.0
78.220	50.0
78.240	50.0
78.260	50.0
78.280	50.0
78.300	50.0
78.320	50.0
78.340	50.0
78.360	50.0
78.380	50.0
78.400	50.0
78.420	50.0
78.440	50.0
78.460	50.0
78.480	50.0
78.500	50.0
78.520	50.0
78.540	50.0
78.560	50.0
78.580	50.0
78.600	50.0
78.620	50.0
78.640	50.0
78.660	50.0
78.680	50.0
78.700	50.0
78.720	50.0
78.740	50.0
78.760	50.0
78.780	50.0
78.800	50.0
78.820	50.0
78.840	50.0
78.860	50.0
78.880	50.0
78.900	50.0
78.920	50.0
78.940	50.0
78.960	50.0
78.980	50.0
79.000	50.0
79.020	50.0
79.040	50.0
79.060	50.0
79.080	50.0
79.100	50.0
79.120	50.0
79.140	50.0
79.160	50.0
79.180	50.0
79.200	50.0
79.220	50.0
79.240	50.0
79.260	50.0
79.280	50.0
79.300	50.0
79.320	50.0
79.340	50.0
79.360	50.0
79.380	50.0
79.400	50.0
79.420	50.0
79.440	50.0
79.460	50.0
79.480	50.0
79.500	50.0
79.520	50.0
79.540	50.0
79.560	50.0
79.580	50.0
79.600	50.0
79.620	50.0
79.640	50.0
79.660	50.0
79.680	50.0
79.700	50.0
79.720	50.0
79.740	50.0
79.760	50.0
79.780	50.0
79.800	50.0
79.820	50.0
79.840	50.0
79.860	50.0
79.880	50.0
79.900	50.0
79.920	50.0
79.940	50.0
79.960	50.0
79.980	50.0
80.000	50.0
